[ 0.         -0.16640279 -0.20426146 -0.23940051 -0.37654645 -0.25117322
 -0.22023401 -0.35554456 -0.38400122 -0.48661693 -0.49403582 -0.56004813
 -0.81094739 -0.41700296 -0.27966779 -0.52633036 -0.47419126 -0.36402033
 -0.53844988 -0.22646194 -0.64759147 -0.66292193 -0.59654127 -0.65644095
 -0.55726013 -0.63339042 -0.43057098 -0.5880041  -0.29605772 -0.5052067
 -0.69256881 -0.64435622 -0.47000632 -0.57023041 -0.64471927 -0.68114282
 -0.59473427 -0.6602087  -0.64889947 -0.73110519]
[ 0.         -0.1732627  -0.3365679  -0.49376973 -0.77930579 -0.30201079
 -1.11956392 -1.04928587 -1.39606676 -1.40101901 -1.29997275 -2.14772216
 -1.86106682 -1.15945877 -1.23062503 -1.41940723 -1.86647393 -1.60270078
 -1.31958251 -0.51310015 -1.35601846 -2.05039079 -1.80642555 -1.78899446
 -1.38870406 -1.3825776  -1.47735246 -1.29650593 -0.92866397 -1.3799063
 -1.52226808 -1.52135772 -1.08547107 -1.49080708 -1.30845313 -1.37196664
 -1.56918158 -1.56869226 -1.43715732 -1.547869  ]
[ 0.          0.51729839 -0.13896669  0.30662503  0.46850788  0.51983938
  1.48850601  1.37421766  1.75155199  1.26672061  1.4242056   1.31729654
  1.3353283   1.71037658  1.67637075  1.58373056  1.67955716  1.58816353
  1.2801876   1.79698574  1.00810191  0.85585241  1.15828557  1.13169255
  0.38082663  0.21619393  0.78683245 -0.04998808 -0.16169358 -0.46974139
 -1.19587897 -0.79853173 -1.12910438 -1.17995468 -1.23331281 -1.1539502
 -1.03959829 -1.24692556 -0.96033701 -1.27268796]
[ 0.          0.31618593  0.15275713  0.04588412  0.34353639  0.25162003
  0.31139593  0.52713938  0.57227451  0.0638787   0.87327723  0.63291976
  0.42665266  0.82538752  1.19962515  1.25567617  1.33534015  0.61360809
  0.95900843  0.80163221  1.24660501  0.87764105  1.67267048  1.33803583
  1.60073682  1.5476712   0.80594462  1.49226228  1.72657671  1.58907057
  1.4451937   1.34007519  1.79859835  1.74588559  1.63096264  1.5049868
  1.86306414  1.68418896  1.43592721  1.37675869]
[ 0.          0.16127224 -1.05559774 -0.6711433  -1.24201332  0.04350363
 -0.92845419 -1.41966697 -0.54465613 -0.12794361 -0.79651294 -2.05090918
 -0.87864558 -0.4500695  -0.6947556  -0.73742964 -1.06122843 -0.74267769
  0.06352944  0.90546468 -0.02048888 -1.63236105 -2.08590915 -0.70464824
 -0.32254313 -1.96330679 -0.73710676 -1.23618504  0.20717532 -0.79112294
 -1.89874863 -0.79686855 -1.57327088 -1.95935456 -0.80551358 -0.55762901
 -1.61283603 -2.06757251 -1.84385937 -2.10971384]
[  0.00000000e+00   9.07815359e-01  -4.06813421e-03  -2.39658927e+00
  -3.13817597e+00  -2.19671321e+00  -2.45495003e+00  -1.82147493e+00
  -2.62559584e+00  -2.64310365e+00  -1.42352176e+00  -3.84749676e+00
  -3.79525049e+00  -3.98780079e+00  -3.78610099e+00  -4.50204903e+00
  -5.53768197e+00  -4.47080326e+00  -5.51710843e+00  -6.28915087e+00
  -5.35380512e+00  -5.82722970e+00  -6.90432798e+00  -6.24921850e+00
  -5.37150311e+00  -6.95481775e+00  -6.28915087e+00  -6.09424945e+00
  -5.40216444e+00  -6.32318719e+00  -6.85094077e+00  -5.69631948e+00
  -7.22816567e+00  -6.70501917e+00  -6.07050085e+00  -5.87645123e+00
  -6.85924009e+00  -7.58392736e+00  -6.32191216e+00  -7.64798823e+00]
[ 0.          0.29403852  0.12228915 -0.00434761 -0.2561861   0.02939801
 -0.16042082  0.13111957  0.10861674 -0.20054476  0.17554783  0.01008352
 -0.13097745  0.31021689  0.23043892  0.33145139  0.17917902  0.14972748
  0.12153735  0.45739077  0.21948738  0.20140523  0.31549425  0.36264722
  0.30192392  0.3633935   0.34617892  0.35458255  0.51428175  0.39530077
  0.27126854  0.2341937   0.39235389  0.37695074  0.3295834   0.33510296
  0.42883665  0.27348069  0.22742612  0.09201592]
[ 0.         -1.11312546  0.22067291 -1.30891339 -3.15362304 -4.87709478
 -4.05921468 -5.49603156 -4.26300103 -4.44592504 -4.55909568 -4.4018362
 -4.9778706  -4.73151964 -4.53568064 -4.04537015 -4.06629462 -2.754987
 -3.46536221 -1.60061992 -1.29027854 -0.87271563 -2.44872585 -0.82886443
  0.02298885  0.58072395  0.81235499  1.1296098   1.68172617  2.46350026
  2.59150796  2.30955046  2.20290875  2.23820467  2.09941841  2.35052368
  1.84371829  2.25788727  2.14657549  2.12987675]
