0.5,1.0,1.5,2.0,2.5,3.0,3.5,4.0,4.5,5.0,5.5,6.0,6.5,7.0,8.0,8.5,9.0,9.5,10.0,10.5,11.0,11.5,12.0,12.5,13.0,13.5,14.0,15.0,16.0,17.0,18.0,19.0,20.0,21.0,22.0,23.0,24.0,25.0,26.0,27.0
CD38,0.0,0.66624926101,0.458381396578,0.0565264460443,-0.327713800146,-0.702458593476,-0.0721783266346,0.373612168572,0.190295255315,-0.233262642963,0.318557082724,0.273570132786,-0.13205969949,0.280917950884,0.966642216711,1.21063741079,1.20255911733,0.0753565142735,0.741078135059,1.42228906909,0.798842598915,0.753428419386,0.997702437255,1.31240771648,1.30319062292,1.34124926678,1.07297757358,1.78441492544,2.00152967824,1.78113960982,1.40095106042,1.47018079266,1.24919382204,1.96799428753,1.13409701201,1.74053695009,1.71482711893,1.38223137159,1.23519552967,0.851609899299
PTGS2,0.0,-1.85251882091,-0.666217990518,-1.6975543271,-1.45425342274,0.0102246710105,-0.901087721183,-1.94080535333,-3.16378150724,-0.826810380048,-2.06220380215,-2.84922875098,-2.50836480779,-0.771918262035,-1.26153024519,-1.45863376238,-2.79916939632,-1.66224312377,-1.197899139,0.135076158196,-0.596638744268,-2.33268513162,-1.65289129071,-1.92167349315,-1.09787532637,-1.42395787754,-2.03484884325,-0.518781423737,-1.66007962168,-1.69804747188,-1.08863192743,-0.931207709559,-0.125468695613,-0.466804132959,-1.50642003773,-0.518454763475,-1.09494995523,-1.36110496802,-0.0973873523945,-0.352636538441
Dnmt3a,0.0,-0.677072858203,-0.0863606159034,-0.769776498271,-0.43519958176,0.112469630306,-0.511793286545,-0.628021951837,-0.554588851678,-0.983069264121,-0.317676747276,-0.688531973578,-0.663279481835,-0.288113578766,-0.61203537933,-0.369828809072,0.0566933475824,-0.867297462514,-0.0697826811927,-0.0260341464442,-0.209953786228,-0.127878304762,-0.589610016952,-0.17718373113,-0.330827649365,-0.29085563496,-0.578450571856,-0.135923716592,-0.0408546989593,-0.285003918897,-0.794031903276,-1.08257614108,-0.681645587992,-0.931393975934,-1.04505713432,-1.13402005538,-0.893011955874,-1.43920381041,-1.66247219904,-1.69479096405
Tnc,0.0,-0.773643610231,0.646637973961,0.268581567258,0.75207156868,0.685892997248,1.3462880337,1.51347130128,1.87080096624,1.46157151835,1.78114501476,1.34928845641,0.9920476768,1.65011723162,2.12369825056,2.42786907757,2.16146065827,1.94784367244,1.5054242114,1.14793815852,1.3412656923,1.1559614128,1.7398998106,1.31122053887,0.444610997775,0.112568716671,0.593766769626,-0.47969306847,-1.08418058269,-1.72588604128,-1.94371926118,-2.15259718333,-1.44793434802,-1.92396830498,-2.35214301875,-2.31834915092,-2.19460174176,-2.46388835691,-1.67098132848,-1.90009232878
rplp2,0.0,0.706906980869,0.567710086886,0.143159208023,0.0202739797783,-0.0403716788404,-0.0146200319522,0.630783663145,0.36615049291,-0.317773344906,0.0216430425961,0.20168513947,0.181466170839,0.277248265053,0.294831577056,-0.0247962705521,0.332431180323,0.155628532752,-0.209043902258,0.428978832347,-0.265358427315,-0.202032298682,0.0788202885682,-0.155633287063,-0.932390293793,0.141987880904,0.223578843629,-0.12118904852,-0.730341118091,-0.318524893249,-0.287740022514,-0.593308069107,0.226449165473,-0.480220566805,-0.00814787122308,-0.583770466761,-0.186170933786,-0.288092004716,-0.381899227672,-0.278459542722
SFTP-C,0.0,-0.254656598121,0.1246227184,0.267712962613,-0.0226586350831,-0.539108198793,-0.0953135058106,0.0250609452443,0.196377134195,-0.514042213965,0.23418406123,0.190396015807,0.0682421857399,0.335515880505,0.384731589412,0.52605458212,0.536238582713,0.119928697271,0.561424970587,0.566847827104,0.649699322043,0.39307417351,0.617726243887,0.324902962639,0.513243239169,0.531269580848,0.276614749501,0.914629816307,0.883847705812,0.89113775239,1.01628035645,0.665399236192,1.35974083529,0.993148939426,0.800650561336,0.810615974256,0.986539732171,1.01779097356,1.10121843323,1.0678726425
AGER,0.0,-0.231610994514,0.631574843705,0.263370106172,0.57293233755,0.0217143053114,-0.226365568205,0.227671302878,0.453814297715,-0.0319294120879,0.415533068309,-0.0897533875756,-0.145079352163,0.231918894568,0.392217589158,1.02160580127,0.612783262234,0.961573382602,0.345283432595,0.170776948634,0.668760336904,0.614227896373,0.638987636312,0.653884284169,0.814835345905,0.571722426786,0.794474047069,1.33934229299,1.19397859722,0.519578297809,0.976719355348,1.00967678825,0.95809267725,0.981364724407,1.00552604359,0.962332962152,1.15437917419,0.805273772262,0.702094056444,0.575013970986
HIF1alpha,0.0,-0.0139814547694,-0.0829665240322,-0.18251836169,-0.361620414718,-0.0480340873698,0.0125770460511,-0.0237764173705,-0.0350878825763,-0.314230577908,-0.395294894969,-0.283545664664,-0.851446124887,-0.450110179894,-0.140915264408,-0.352248900737,-0.438940622067,-0.177385268931,-0.677607292244,-0.374026620891,-0.780460329179,-0.711229204537,-0.385702798262,-0.699515312563,-0.629838663859,-0.579524699107,-0.196323772653,-0.531987275718,-0.677521862485,-0.663325591332,-0.722730439972,-0.976083648511,-0.442492899282,-0.617944917421,-0.713154314964,-0.524630599309,-0.660114719001,-0.695617304978,-0.53519588617,-0.585844074254
P4HA3,0.0,-1.21892275037,-0.369807436097,-0.435655795183,-0.215950712941,-0.940107761841,0.415086656648,0.222083393802,0.892146703837,0.518225915312,1.27032414444,0.167804178459,0.146467103114,1.11334292961,1.39024661089,1.74363566743,1.16350926615,1.38000828126,1.42104684661,1.65824847261,1.58581432477,0.567355170946,1.17548553516,1.24888965848,0.384082201878,0.179310931023,0.265751932217,-0.691862579115,-1.22304801302,-1.01204474217,-2.04737126054,-0.933332766156,-1.8367541035,-1.53833564603,-4.3056991932,-1.54233916309,-1.76415897277,-2.31154401568,-1.90507288755,-2.43689743358
Wif1,0.0,1.05085090574,0.0250488209359,0.417887469244,0.676032759839,1.52618201305,1.25109855559,1.04335636919,1.7357424529,0.445882290632,0.603856812474,0.795428855751,1.21046635503,1.82793382032,1.50623528945,1.85702506518,1.87824319342,1.3509766274,1.16938151112,2.97264073702,1.92964123736,1.46401841767,1.16466266542,1.09004960464,0.888626312572,0.828851857288,1.03741200545,1.0965439399,1.46313178748,0.568018359648,-0.225384154985,0.0629958644338,-1.28968775789,0.320297009308,-0.346590149122,-0.567946523706,-0.10741688002,-0.977356339456,-0.519238318498,-0.906890595609
Eln,0.0,-0.453091038869,0.662321939277,-0.503513115302,-0.799652936461,-0.616874713016,-0.936132458652,0.316330746198,-0.457399241305,-1.13011209339,0.35532114517,-0.0679866414997,-0.469719923423,0.796229591512,1.13900238379,1.11560221179,1.71900855223,1.23338707276,1.58603518094,1.5177995647,1.34049506043,1.45732975497,1.82031627383,2.18111521636,1.40039679756,2.1539105628,1.78505672262,1.11773687826,1.71019802799,0.336992909319,0.174376190366,0.151939527487,0.101488107612,0.144612758641,-0.0476256235042,-0.435216175413,0.0773302870183,-1.02181189046,-1.35842019114,-1.62177271026
SFTP-D,0.0,-1.51308311768,0.472966064036,0.177181234924,-0.322691353532,-0.64454750548,-0.821370990739,-0.702024226857,-1.44352923121,-1.91578532162,-0.927373913695,-1.2600569907,-1.34454955988,-0.807233108823,-0.757028525313,-0.339959453234,-0.79359604593,-1.02519143119,-0.841118410181,-0.909644286959,-0.889482120601,-1.14807266594,-0.12151646604,-0.815320444927,-0.958888865451,-0.439632189368,-1.04208015794,-0.172203280328,-0.145128488697,-0.251685085376,-0.0866458743291,-0.257700512017,0.769241062889,0.211696663818,-0.0295367144932,-0.28574868147,0.150522240412,0.134544858264,0.219000726557,0.0904764877354
NDST1,0.0,-0.72392534513,0.105511917206,-0.332263372337,-0.021902646332,-0.560935740051,-0.547691015503,-0.401170561113,-0.337001221882,-0.766089605124,-0.530709011814,-0.502420673119,-0.511268575037,-0.539178073461,-0.338829662422,-0.167803785834,-0.218554520306,-0.0225413800457,-0.963593004318,-0.723156799546,-0.449395218009,-0.379440282694,-0.525321788023,-0.0729634838328,-0.268592619809,-0.101682959053,0.0260913479795,0.0241504718504,0.0219468251275,-0.585132332781,-0.201154036397,-0.274103876885,0.0357444829598,-0.340087065658,-0.0153400938136,-0.229751244203,-0.0689333668865,-0.44129339203,-0.574190808955,-0.680254825819
ALDH1A1 (PMID 11751205),0.0,-1.69514058476,0.0465635319156,0.317958405973,-0.234024656036,-0.408858750831,-0.458460005144,-0.402297123244,-1.88034825303,-1.93007768528,-1.04912453379,-1.44272907577,-2.02802273569,-1.11382020257,-1.13551127945,-1.97685999456,-1.3443932956,-1.97071966978,-0.943485186494,-0.939469304184,-1.86821625017,-1.76607893278,-1.20574673879,-1.19352992045,-2.01221222084,0.581242509756,-0.657827706027,-0.770712823857,0.0773495064189,-0.136314338224,0.327896593338,-0.257518857625,0.27976036112,0.898059479792,0.0395091598101,-0.83270984841,0.884971040692,0.607276487387,0.820436392915,-0.209145701791
FOXF1,0.0,-0.931655133958,-0.420202458427,-0.360126957816,0.2769516526,-0.216134188058,0.152267935121,0.214535745764,1.16106621602,0.269777701957,1.5656603182,0.492054646931,0.66733118666,0.841932611192,1.35898410522,1.64040480887,1.54901975873,0.790728562094,0.187604453433,0.447563920054,1.09337565135,0.493368754838,0.994065808607,0.700691491847,1.12679427255,0.983716644123,0.423545544996,1.41534356194,1.69490691648,0.998487472298,1.22894562069,0.749960290291,1.4681033761,0.877448620926,1.19470662299,1.02216751585,1.17190874368,0.690137058986,1.28424400652,1.16866675594
FOXF2,0.0,0.871959079594,0.465766407143,0.562447980695,0.587693702888,1.39759780699,1.02939733537,1.64332921783,1.91424476593,1.41410522458,2.27766444592,1.74143214585,1.24982291572,2.04798699691,2.64539623043,2.4028236893,2.69839270415,2.05725248246,1.53180456483,2.76165544938,2.63575139216,2.31014970485,2.73875387458,2.56959659454,2.15808536123,2.85852079604,1.60274633196,1.32197779929,1.82776651811,1.81235228615,1.20664968479,1.04850776037,1.5532186628,1.72994007472,1.27633122845,0.844125753188,1.80604068474,1.32376601813,0.49091944004,1.00793100113
PRIM2,0.0,-0.636827077057,-0.574082345091,-0.358892349973,-1.05757153068,0.746592971772,0.00433486160015,-0.355416812179,-0.47741754646,-0.131438357932,-0.608626102306,-0.568639347494,-0.379746731907,-0.392928058637,-0.287277353168,-0.796845098276,-0.691648130661,-0.06962300644,-0.786043620105,-0.614014712372,-0.492989764694,-0.563016364158,-0.823247475484,-1.25810451806,-0.0937426613564,-1.20772463295,-0.568840574224,-1.0749005561,-0.512791206761,-1.13054698006,-1.36551902808,-0.559013323186,-1.00027136181,-0.64762590154,-0.96012700656,-1.49566531594,-0.69823679354,-1.0155496669,-0.747951210946,-1.05109129599
ABCD1,0.0,-0.572814733318,1.20940814835,-0.291645941654,-0.438840867469,-0.0213486806625,-0.663313599247,-0.0650178142948,-0.0787927624019,-0.690955697179,0.0173228035892,-0.599816995657,-0.331088982184,0.216164951059,-0.225276602884,0.291039398085,-0.261919494618,-0.158555093033,0.187967006439,0.425110043308,-0.285345581507,0.052163656356,-0.484534829281,0.097694184282,-0.253252631432,-0.0505065770768,0.147380969087,-0.379780883096,0.603891536927,0.397433603008,-0.176247489011,-0.103145130098,-0.0278722317248,-0.152188995776,-0.265099265731,-0.0701314280774,-0.0805607712517,-0.066185043356,-0.537175650021,-0.0935928002884
FSP1 (S100a4),0.0,0.746659880202,-0.0971457861338,0.0487324141943,-0.549523340591,-0.0906222350715,-0.160933742163,-0.069273554409,-0.0883600706866,-0.686521290076,0.334286151396,0.310052896404,-0.574436906897,0.0321074493254,-0.00746062446536,-0.228139908509,-0.0834239178257,-0.531164506166,0.424573386649,0.578258577311,0.469795306949,0.0456458841365,0.826982189637,-0.109421686214,0.464604713556,0.0484754554188,0.00768661678446,0.143206145208,0.61281843249,0.463352332219,0.414439408325,0.405137151339,0.554930910446,0.58252427969,0.265424293251,0.251427142172,0.816004210155,1.01171234605,0.154114364573,1.39309551916
PDPn(Podoplanin),0.0,-0.313604768864,0.478576693339,0.0978278395979,-0.0747357644992,-0.344820326057,0.0589471707329,-0.0537280045779,0.461037905356,-0.0937533209569,0.0948284604901,-0.0393818720249,-0.36371659206,-0.204486612846,0.377019508205,0.203873485016,0.338941832258,-0.0310470809485,-0.0956173451581,-0.0680624807075,0.456606157158,0.157607872645,0.762192580682,0.644099812481,0.801314883876,1.07518488493,0.813834672896,1.2639069494,1.5410314057,0.549062485045,1.06362804254,0.924736080299,1.4851721253,1.04562261713,1.05267632145,0.986135809759,1.48109342899,0.853964208196,0.882005850489,0.327177661715
GUSB,0.0,-0.773610062105,-0.33036366884,-0.0823821469345,0.194016024975,-0.320024982337,0.101197260124,-0.210411535675,-0.463199930329,-0.308860912944,-0.61534193813,-0.485372417672,-0.793277095561,-0.443827937909,-0.604822384364,-0.569134565716,-0.431912384717,0.00759743360909,-0.304598554723,-1.19517349515,-0.0167831372079,-0.508664904233,-0.400810007857,-0.320024982337,-0.111281622512,-0.418881580779,-0.130113583245,-0.470343550652,-1.47348791143,-0.434483706922,-0.650639420339,-0.312910585893,-0.614369818414,-0.724535107387,-0.823610620144,-0.733252324489,-0.857386002732,-0.657489023905,-0.708738474583,-0.406448119795
E-Cadherin (CDH1),0.0,-0.272249895589,0.10407443528,-0.90471324037,-0.648986468705,-1.06557963388,-1.18332627071,-0.34941803218,-1.23649547865,-1.5218961658,-0.756561726153,-1.29134297535,-1.27443718797,-0.520383635514,-0.371773008073,-0.343335277492,-0.790196979924,-1.05724434806,-1.0170329007,-0.997464397604,-0.879338035543,-1.06924151968,-0.529562766036,-0.931507863686,-1.03644373752,-0.369970731835,-1.28069049003,-0.520701931191,-0.145881848351,-0.877196743809,-0.818899238165,-1.08985964996,-0.440373501214,-0.489351238059,-0.60342744052,-0.993690041269,-0.607129946852,-0.949231907148,-0.855806236207,-0.747138838349
EXT1,0.0,-0.296292759264,0.0129630930989,-0.217796740828,0.223506550379,-0.0429388623065,0.740313234274,0.14717100907,0.446638260445,0.25128380864,0.555582160851,0.468563166112,0.161880929582,0.577114860891,0.47030919399,-0.081195793674,0.422326482872,0.557263384302,-0.268031881884,0.197294004451,-0.0481557512457,0.2409996467,0.227547847231,0.24596558007,-0.189743863508,-0.232998696226,0.212784709078,-0.216945040561,-0.214966778777,-0.377045388709,-0.412073620275,-0.490799261228,-0.337422532531,-0.663835206995,-0.308556672608,-0.866287529642,-0.325187149919,-0.642407793698,-0.583918959959,-0.599984956764
tbp,0.0,-0.166949437823,-0.460468037533,-0.248157764418,-0.750555566772,0.457153657955,-0.177846565743,-0.676932703629,-0.0829802765706,0.0132350386887,-1.21785247821,0.039010247808,-0.172387713129,0.144420058528,-0.218856930689,-0.266872880504,-0.134553808163,-0.0572398405439,0.345664434198,-0.266042074238,0.912348283705,0.341445825686,-0.669498243794,0.278207248764,0.446295833578,-0.359539128682,0.428443625432,0.199191830466,0.716094415831,0.169713939453,0.209980626377,0.312677686146,-0.229142491427,0.204596313526,0.133809845201,0.339127147268,-0.183718348537,0.0543902247237,0.338990638298,-0.0098761710769
ITGax (CD11c),0.0,-0.676139057196,-1.69736594882,-0.726648071152,-1.01947225321,0.635356134508,-0.0163567606272,-0.903926491069,-0.690255559656,-1.25724361337,-0.875421851462,-0.863375900258,-0.494245283972,-0.0854129342199,-0.434806817258,-0.131537615055,-0.227603494481,0.92673957058,0.879495518,0.497060014476,0.432405758372,-0.494245283972,-0.0907083769989,-0.483757396991,1.46668636543,0.0373168995527,0.105092944645,-0.308038568646,1.34114102466,0.0325972981838,-0.0329010970588,-0.144598145527,-0.676139057196,0.322455492093,0.468117058665,0.468117058665,0.000878888264092,0.526959902944,0.487058622318,0.000878888264092
ITgam (CD11b),0.0,-0.465482658807,-0.791162888555,-0.381064922243,-0.910558984467,-2.06097582702,-0.254915672867,-0.65844896621,-1.38531231012,0.202954794559,-0.177066565623,-0.0677863591368,-0.554749996904,-0.0385034872837,-1.20933463856,-0.762796334905,-0.534561041546,-0.362104918961,0.220297341441,1.1232222436,0.394744942081,-0.949860634574,-0.883771444116,-0.685254379984,-0.415399394437,-1.86437273551,0.0220838721907,-1.22637826977,-0.131464244512,-0.881269804785,-0.644382098568,-0.082653740438,-0.371904922958,-0.488904773808,-1.04241096318,0.000271361806667,-0.272181959385,-0.250389059881,-0.482823858416,0.463668900926
ATP1B1,0.0,0.311952342274,0.528111953669,-0.649400406716,-0.773350173445,-0.730939911998,-1.56080362175,-1.27276843657,-1.76039862753,-1.75725952279,-1.58106652564,-1.38899292525,-1.78877369581,-1.37874080522,-1.07290686836,-1.55045822817,-1.24269557261,-1.99460836997,-1.96650827596,-0.705803652258,-1.65577611678,-1.91518749236,-1.49235106783,-1.66508997927,-1.81502772231,-0.954827330763,-1.6885532071,-0.98296821174,-0.788962234111,-0.755278020063,-0.148122233907,-0.540662629281,0.00109084352926,-0.849023052074,-0.225369162906,-0.978983458795,-0.363919190659,-0.497888070517,0.032104978728,-0.461031877951
AMACR,0.0,0.0895515849783,-2.15016174662,-1.10190657801,-2.38735116989,0.743489145229,-0.331435180632,-2.73933649863,-0.552635784436,-1.39605336369,-1.22128733125,-2.26388748265,-0.535366066121,-0.38859113132,-0.666087516598,-0.640011760825,-0.91312254932,-0.442299579283,0.162906371346,1.19015552592,-0.250862080754,-1.89450687115,-2.88923192911,-2.09852076317,-0.171880716259,-1.95384101054,-1.33262798354,-1.42374993062,-0.605000253958,0.432345102374,-2.22571277963,-1.23349013022,-2.33382177347,-3.26844576462,-1.58212254894,-0.395430034646,-1.50613732234,-2.35790739199,-2.5666019636,-2.29377705457
PDGFRA (platelet-derived growth factor receptor alpha) (PMID 23748534) (Most important),0.0,0.0773313109323,0.240479902354,-0.149452736387,-0.35299811737,-0.66629749187,0.16240611085,0.133355687928,0.719997158197,-0.107800215061,0.326894654172,-0.0120870679723,0.152814219741,0.331058825378,0.797706205251,1.16065236487,1.02334823783,0.995445668151,0.873196002558,0.89575026839,1.29017921175,1.19801253253,1.01441620286,1.10710624802,1.45020248915,1.28828217658,1.35602678322,1.71880583274,2.27113260821,1.90418354293,1.95236881517,1.92869983999,1.28352864661,1.90905852154,1.62120749597,1.94994777912,1.50843037618,1.25900172307,1.15977469178,1.15933565493
Sox9,0.0,0.0449521808473,-0.190534114612,-0.383362478757,-1.00754318065,0.682022810969,-0.452088984842,-0.882707908536,-0.542149417182,-0.440776444324,-0.548965311943,-1.47534433714,-0.873172546389,-0.812986902884,-0.360311094196,-1.35101620214,-0.97097818653,-0.565763221163,0.271613305271,0.736290916185,-0.670464728888,-1.29966006641,-1.35300292962,-1.09960979856,-1.2649554727,-1.63055698706,-1.33260416503,-2.65485899416,1.11621540869,-1.5342380262,-1.69461430067,-0.538753507319,-1.52375654233,-2.81541977874,-0.620550739149,-1.26433214366,-2.07480640756,-2.59407127571,-1.85054157189,-3.58004171581
PHGDH,0.0,2.51934703592,0.291424411569,0.303224563976,-0.755747894155,0.0429726716616,-0.0691594211941,-0.140258586244,-0.57514089692,-0.232340063951,-0.417761401716,-0.620143290058,-1.03064663528,-0.451599926022,-0.0756588870864,-1.03040838988,-0.717849098309,-0.394732195489,-1.00420474889,-0.417138341874,-0.255682247732,-0.39350606556,-0.656448553644,-0.966568095548,-0.46946734056,-0.443858591119,-0.833422230035,-1.12288266547,-0.263641001749,-0.114020096762,-0.88095656629,-1.11654670869,-0.285365772904,-1.2480441467,-0.637274424275,-0.366490788781,-0.478538886539,-0.936569603586,-0.63673031903,-0.864300044209
Col1a1,0.0,-0.0232534171489,0.434409326244,0.306486312956,0.654159527736,1.00744271764,1.20866402584,1.73919626093,1.01567442554,0.742086970136,1.75573012255,0.592405218363,0.805181491505,1.01405023468,1.27202415063,1.19753561849,1.22213142857,1.52601935692,1.32481091243,1.14515344752,0.783229196261,1.05674577435,0.936310458204,1.12343165003,0.0340711763804,0.856572050029,0.850248526395,0.189433021713,-0.182353685534,-0.415708508236,-0.386637335018,-0.730298296788,-0.20953851486,-0.616815859086,-0.0591097972902,-0.74943006346,-0.394226746223,-0.797457744478,-0.612619942292,-0.829562489153
Epcam,0.0,0.120133332106,0.0712701376934,-0.165853586062,-0.479165620548,-0.251772115018,-0.136268104863,-0.360805518942,-0.474483854755,-0.685036324688,-0.682686657979,-0.852670354473,-1.16886496222,-0.781132714308,-0.33945810885,-1.01138038581,-0.640578072724,-0.610118917973,-0.686683371314,0.0793221517025,-0.763934021635,-0.821059112458,-0.790631629301,-0.634207543346,-0.506852217772,-0.423570492035,-1.19876989146,-0.50674830341,-0.61694441622,-1.08953032973,-0.837692783047,-0.951319567842,-0.339920852235,-0.736746211794,-0.940331309157,-1.02144023612,-0.550635947411,-0.743219815101,-0.551385983841,-0.997296612791
SNAI1,0.0,1.04357228038,-0.926284846402,-0.71322022722,0.258031247346,0.333582280353,1.00640724239,0.764947039235,0.0380234464549,-0.260468093196,0.935058640308,0.483999122906,-0.413611206488,0.457917341416,0.932070146146,0.406450003442,0.125649793688,-0.0157829972409,0.742946571217,1.19585225609,1.73782153904,0.313053466989,1.77498904062,1.35995154134,1.23639041596,2.5017446731,-0.200207568378,1.16881468691,1.50224849536,1.75694725053,-0.0746766862945,0.149003280902,1.45930188571,1.56917950348,0.870962227501,-0.394727493941,1.56869852497,0.875636189605,-0.409814638399,-0.417417791917
FGFR2,0.0,-0.320141181947,-0.187180601296,-0.452639484328,-0.347310531303,-0.657319350801,-0.692680491117,-0.657804589342,-0.557665088204,-1.25118358708,-0.422894527476,-1.02010892264,-1.23540499584,-0.650757723214,-0.40143850112,-0.523473839481,-0.840592134082,-0.816825918415,-0.91883439853,-1.79571260325,-0.906480498769,-1.14362781576,-1.10644793937,-0.722317350897,-1.25540012048,-0.538996200172,-1.05403768718,-0.293097090446,-0.408668539044,-0.475529969917,-0.397583737784,-0.556232009755,-0.0788943053243,-0.333290439465,-0.443419017705,-0.513485939091,-0.526350820882,-0.660557361454,-0.41398685941,-0.762195848707
Ctnna2,0.0,-0.0475975823468,-1.67852876743,-0.441932726342,-0.494591675614,-0.572832570802,-2.08708223314,-1.58648593808,-0.137693865467,0.186828328102,-0.923641265266,-3.28065181931,-1.49781317686,-1.41224870209,-1.14230780906,-0.714929675284,-1.33819746511,-1.22620403529,-0.759987812082,0.289437404931,0.704708482295,-1.22353484851,-2.56380158644,-1.69076543995,0.423766181947,-1.75612517245,-0.107032334309,-0.515117072946,0.0796043942376,-1.31055330502,-1.83269969756,-0.276496189818,-1.27143328928,-1.77945767628,-1.1901457751,-0.201481605875,-1.4031592388,-2.15836138951,-1.68708352802,-2.5773693514
GATA-6,0.0,-0.433992088867,0.0146577797059,-0.126856660984,-0.166246571356,-0.988375091213,-0.637631670751,-0.31589728254,-0.248345816098,-0.530572356716,-0.53184678927,-0.58174983175,-0.420598827227,-0.702615784637,-0.489499568812,-0.757743450952,-0.490665324173,-0.770606649203,-1.46917805653,0.221317467825,-1.4076039776,-0.888578717332,-0.740913489299,-0.983751229355,-1.03608567093,-0.266015106669,-0.431891178286,-0.772023313159,-0.557498403539,-0.604837201612,-0.981086403998,-0.799478496447,-0.387106923586,-0.666652845657,-0.714881126153,-0.789491294535,-0.71846165105,-0.7878782432,-1.28523039323,-1.14211739181
Serpina3,0.0,0.200290817989,-0.598987927533,-1.18747819381,-1.4304872475,-0.0984484880881,-0.785787689641,-1.45404901266,-0.618985362066,-0.293035543765,-0.585914460532,-1.51318413675,-1.30866619548,-0.0895703367416,-1.43906283273,-0.317335790238,-0.927819266745,-0.185953782148,0.189760824724,1.02619534238,0.00927510234385,-0.0648803138649,-1.35065586344,-0.612504241369,0.440038235145,-0.340444904151,-0.560429488977,-0.23289868786,0.710845801167,0.295377556642,-0.473003338385,-0.107989255298,-0.392793324166,0.21019620111,-0.559494192322,-0.0876214576037,-0.498470291441,-0.447689697432,-0.857161754999,-0.799341100611
NME3,0.0,0.776995734281,0.168640584278,-0.0915183135675,-0.35325940238,0.942170754798,-0.571230497233,0.317326106068,0.0946972891358,-0.131859615623,0.449921857054,-0.281778964708,-0.260128291738,0.607308703155,0.624869233365,0.61567217609,0.585732602496,0.280531659271,0.665631197491,0.61105156718,1.05324399137,0.352673256108,0.461123654466,0.738079843813,0.777313019314,0.794813823999,0.610161289435,0.451612651477,0.618773889649,0.508716025875,0.44932463266,0.498167859611,0.66211336907,0.371709238733,0.594311766389,0.181043948453,0.540092524825,0.390912060395,0.186907354443,0.183799127265
VIM,0.0,-0.0219584117326,0.226759897202,0.015187982487,-0.0423918995129,-1.14559796401,-0.181891646854,0.344827705589,0.754186477161,-0.0680530190561,0.227243923509,0.696351020916,0.73245758889,0.674159704264,0.509284032964,0.755913545879,0.862766911107,0.517707469557,0.22480652898,0.41651696183,0.608936108937,0.396463649753,0.692715035434,0.752641734087,-0.364317641993,0.85115389515,0.488939053254,-0.0433237545154,0.00463423087981,0.668464231488,0.65015328688,0.162779327206,0.691244490408,0.286420770724,0.403139951767,-0.0838091775799,0.311759220617,0.408182066068,0.642833560945,0.625626143531
Chi3l3/Chi3l4,0.0,-0.0475613270301,-0.518793784194,-0.397427423979,-0.413435538923,-0.800871471271,-0.493872963598,-2.30654506219,-1.37635588508,-1.5901703217,-1.68685796371,-0.93557021873,-0.726735049232,-0.984788420749,0.585352330503,-0.115769658898,2.04557116285,-0.0977173684333,2.03552564333,0.738861775457,1.14426922639,-0.705598628403,3.83644928245,2.41278579634,4.11389933032,0.798658521041,1.21023643044,1.04125194937,1.99850467592,2.74964586539,2.59710590724,3.80350666714,2.53637104509,3.12604521863,3.15601006403,3.23973041894,2.93213214401,3.77504399122,3.56754044914,3.03073099703
Chi3l1,0.0,1.35182776963,0.237542803109,0.847489433532,1.23700045111,0.953282730383,1.21324798974,2.03833153922,0.503320278442,-0.16788675914,0.863272564651,2.0882684611,0.123291582631,1.08398576177,1.38141250125,1.02555752364,1.00407360903,0.112068257595,0.40774320687,-0.355031242266,-0.202078397842,0.331697596651,3.30132394761,0.93017527976,1.09617897958,1.71106492197,0.934131980205,1.92724864391,0.570746833004,2.03023062315,2.62885652976,1.71594758314,3.66237525884,2.60767591779,2.94221103317,2.39991971145,2.98508985228,3.52453315872,2.85745391957,3.03433879029
TCF12,0.0,-0.429896325986,-0.0901704678548,-0.293282639038,-0.256378487396,-0.371676093524,-0.0947471706841,-0.236431955979,0.0447404018917,-0.686836779848,-0.18436491846,-0.368566378814,-0.609503880826,-0.605005607524,0.0882121220057,-0.389974802775,-0.22156330456,-0.283376961568,-0.622662430315,-0.422585200592,-0.213615252103,-0.645747401426,-0.467207232683,-0.306217468919,-0.620685184554,-0.527764973663,-0.524143077318,-0.426438211983,-1.05211303818,-0.849840893239,-0.728813597776,-0.916399065369,-0.804773472938,-0.822747919948,-0.854628738917,-0.986881283581,-0.661446087784,-1.02855165382,-0.985635503025,-0.896768863917
N-Cadherin(CDH2),0.0,0.203004126179,0.26432283621,0.0283941634112,-0.102172753578,-0.442545694076,0.641698566098,1.03630573669,0.537754614867,0.617705643164,1.11163712811,0.534143772152,0.410598479946,0.869799514129,1.16068070801,0.895334606236,1.03891401272,0.457277461523,0.48236395986,1.69903867428,0.527060014071,0.545275480934,0.820502186767,-0.0171160086841,0.10683871143,0.364116057815,0.644060829732,0.403059652003,0.526481895433,-0.575415851489,0.0911745987648,0.0951901434534,-0.157102014051,-0.175796954076,-0.507028876509,-0.391551659089,-0.673344051115,-0.734191941764,-0.562003544111,-0.420401791916
Vegf,0.0,-0.511675370105,0.520402128326,0.0851597220545,0.282961610521,-0.56627743154,-0.42520536166,0.833545453809,0.83907745717,-0.184516313533,0.148834604614,0.583963213732,0.00140598667684,0.975782514964,1.32871306838,0.918136720321,1.65494695315,0.694929544725,0.673634836586,1.04379166368,0.888115258086,0.672464915321,0.929982169162,1.32192809489,1.01850393986,1.45241458118,0.52493606408,1.16307929084,1.01446791923,1.35140955652,1.68120675144,1.38913069154,1.9636764071,1.6220142539,1.74108797541,1.61381463846,1.66975703462,1.81041838694,1.93322068718,1.54446205019
NFATC3,0.0,-0.178278659495,-0.399929576263,-0.385996033936,-0.203690807374,-0.471896107341,-0.36740149005,-0.934573269584,-0.143437274558,-0.751783506267,-0.796579870736,-0.50457958019,-0.756288803255,-1.08397324277,-0.443363279363,-1.58957056669,-0.502685865142,-0.408472940477,-1.03728334713,-0.747541383398,-1.96033125467,-0.827192127968,-0.614348139727,-0.750909107756,-0.804463822943,-0.83617268267,-0.37556128014,-0.580221175584,-0.531892290551,-0.842944976121,-0.664511780634,-0.825218626624,-0.602131423758,-0.272115948385,-0.596510380877,-0.762695487743,-0.731928452944,-0.695541233157,-0.735877663392,-0.967713746779
TBX4,0.0,-0.0489054132886,0.148818147041,-0.850305899658,-0.571666792133,-1.63550184157,-0.0727165645984,0.387144546755,1.03881602511,0.0741948543712,0.885827551506,0.485131898621,0.842671207687,1.00859578324,0.75624057321,1.17050504443,0.956423395745,0.908322743846,0.684916368257,1.10036924348,0.919215438025,1.0029113506,0.896629892799,1.49490178222,1.06621423853,1.1010486917,0.825026883612,0.237903658181,0.531485819834,0.703006119316,0.192189648233,0.245708134691,0.446446715636,0.466446366053,0.0500020455601,0.499203714797,0.494987946702,-0.0337854360005,-0.269435738946,-0.414187748294
Robo1,0.0,-0.166758518356,-0.187551721937,-0.422985598791,-0.625850636199,0.358984297368,0.0706428102852,-0.0341824190369,0.553618539133,0.460320077889,-0.239055968362,-0.0607904588954,-0.322896346629,-0.0927072330524,0.357322989103,-0.223602837584,0.113323835189,0.191943160216,-0.13952791061,-0.686089216889,-0.956993910032,-0.64691444824,-0.506781697414,-0.600092827321,-0.357077193626,-0.452792421274,-0.101853645483,-0.952678673582,-0.949497426337,-0.684066128749,-0.820481471284,-1.62093006543,-0.946882832667,-1.47387741562,-1.57926300505,-1.54609614111,-1.61914491976,-1.631987544,-1.09016346359,-1.59555167048
integrin subunit alpha 8,0.0,-0.642497009382,-0.117249534644,-0.831581508458,-1.0190614192,-0.348921392159,-0.689338289126,-0.55195373862,-1.1259103556,-0.762974855494,0.152941861384,-0.588677198727,-0.709734735089,-0.621991840447,-0.0239253222556,0.0209473562286,-0.333743749793,-0.326165940237,-0.530862563606,-0.551387287224,-0.155476733893,0.0887625461299,0.229990960952,0.278684171703,-0.145781800462,0.805078593041,0.541283136728,0.788796887596,0.817981706996,0.576202187949,0.94800483055,0.297169558192,0.873330397807,0.765252837665,0.550574057669,0.448442800709,0.926877816295,0.520823965854,0.596356309464,0.283835750899
ipo8,0.0,0.397604681282,0.502294177425,0.297590347819,0.081012030409,0.334772581019,-0.0522030425692,0.389106007927,0.666669717178,0.318315214804,0.362195061176,0.104261194396,-0.379524396227,0.294771482051,0.530065348983,0.247374061662,0.408109192961,0.109804929551,0.0816254472476,0.737043470339,0.257616030048,0.0158773570498,0.0939609466639,0.348090175787,-0.157566238188,0.216204535363,0.48254988136,0.168496526106,0.0768338646787,0.57919665503,0.255660422343,0.676935733002,0.395435362925,-0.11547721742,0.115327443733,0.226558450916,0.0598746217575,0.155852926834,0.165953516803,0.263358862158
TST,0.0,-0.402608459034,-0.0725576919208,0.0177337708005,-0.2639013604,-0.97445216374,-0.748408130179,-0.926435336368,-1.37746495636,-1.35416029454,-0.881810411653,-1.61705382531,-2.42860246349,-1.18251679845,-0.936611520416,-1.2129880304,-1.33494952116,-1.60336511578,-1.29187150662,-0.636314281614,-1.5236371049,-1.51330339151,-1.49560749392,-1.55988231677,-1.83030602416,-1.03127196064,-1.13500079948,-1.31792581739,-1.48371949852,-1.66780339201,-1.43454838628,-1.60496434505,-0.966109174984,-1.11040121809,-1.21531261506,-1.70954866312,-1.39824426684,-1.12874299975,-1.40991157884,-1.65947074257
pgk1,0.0,0.363700948617,0.176501769224,-0.035782302185,-0.189951837158,0.525231397374,-0.328152408586,0.170483007716,0.0336789490961,0.0729276982936,0.566517831617,0.11515345165,0.478934669093,0.438534790246,0.500494527128,0.0911395763501,0.0700854576591,0.235578035938,0.265927662925,0.971759343572,-0.13599740185,0.377665501477,0.20916347588,0.570728479354,0.579022210065,0.21677665999,-0.232063547379,-0.0925031482541,0.340944028129,-0.323218368022,-0.415082752491,-0.517854475672,0.170724240898,-0.166298051013,0.145785596954,0.0595723169606,-0.0980140527791,-0.26284435784,-0.227764833599,-0.33412984554
ADAMTSL2,0.0,0.125325530857,0.00408228417371,-1.24073999892,-1.98163706596,-2.33724132112,-2.04400916457,-2.17166207451,-1.59784404314,-1.80923217284,-1.94301159891,-2.138242925,-2.18458749203,-1.21451163672,-0.521341130762,0.608954286881,0.37926097904,0.197278702989,-0.0902971688185,0.772258924161,0.187329211591,0.27069548465,0.24290227038,0.913988951229,1.26464819536,1.10333871742,0.814330144422,1.87962724115,2.36012574864,1.5735869228,1.83535391328,1.28414092959,0.530600869348,0.804231493562,0.603104247331,0.771668609981,0.710527605168,0.157915855028,1.13203563332,0.33661491942
RAGE,0.0,0.0266072548014,-0.0684479957668,-0.222434745244,-0.659715073342,0.236121259526,-0.962959987662,-0.884215157641,-0.730315029023,-1.41383178957,-0.194196758247,-2.19180188175,-1.21372109769,-0.720030260508,-0.721809105027,-0.928115017156,-1.63318268826,-1.06565478088,-0.965933085141,0.290389364742,-2.11636628033,-2.39517707692,-2.3733025773,-2.43067575814,-0.689813480138,-2.6179034941,-0.610614931355,-1.20798998685,-0.47843506045,-1.54162492653,-2.43375953924,-1.4534447321,-1.57755381941,-1.99980955778,-1.76614433046,-2.43788152787,-1.91405038718,-1.90975024975,-1.66122023262,-2.51743282697
TTF-1,0.0,1.3132149761,0.391239522558,0.754903556743,0.27094528884,-0.121776352103,0.0860699459317,0.577574523105,0.0463237671389,0.433643174118,-0.515651073051,0.23670025802,-0.481842102597,0.516583101031,0.488247854212,0.276324070109,0.507951826253,0.463940597604,0.281040865944,0.324890028585,0.801957349394,0.484906562094,0.385477080328,0.521966636287,0.94445643927,0.255994947374,0.631622051649,0.564795608276,0.18341508576,0.912894732187,0.762026978873,0.706688228934,0.836886143121,0.291278839417,0.603996033756,0.433835726009,0.756957069354,0.259692773099,0.3625989775,0.0553626100494
PRSS35,0.0,0.828181111524,0.157534709565,1.12489589306,1.47765168262,1.12908166497,2.43553177922,2.47175836831,2.87121907139,2.50085252606,2.74286712845,2.84503123037,2.73565085723,2.85580554418,2.93790371358,2.68475209165,3.12078552342,2.4821581879,2.19831779583,1.61219286919,1.8477852746,1.88167107978,2.23259997207,1.69010357082,1.20803712836,0.052916279211,1.42734064446,-0.353213783814,0.230125887668,-0.524812357335,-1.89905564895,-0.457623431734,-1.38519298835,-1.77719951897,-1.71272862878,-1.20052964606,-1.71335303694,-2.06844799577,-1.71710517181,-1.66725662235
Thy1,0.0,2.43898445275,0.501061243112,0.136268022226,-0.323967240161,1.11133316301,0.198440879326,0.609210046968,-0.45973730675,-0.613360495863,0.638302958488,-0.136688671968,0.172639386139,0.0194305299489,-0.404749894877,-0.096046687471,0.239063132097,-0.360126903456,-0.661539323994,1.97284839374,0.981130247946,0.673479768479,0.0946368741381,0.901337364322,0.739896909176,0.66476564865,1.1203594388,1.09730606091,0.539702096763,1.05948042872,0.566918325251,0.0629958644338,0.448871094355,1.03622018791,1.55503967763,0.142681106998,0.946868286348,0.906999269108,1.31670211665,1.26303440583
Src,0.0,0.135576179568,0.41586039379,-0.661542138442,-0.258974580801,0.338608810556,-0.646076767968,0.459093217526,-0.257947142152,-0.298569563489,0.0593173594564,0.185649439946,-0.199902749951,0.702896918006,0.477099974283,0.622082339044,0.359066535308,0.525937582197,0.0960767735319,1.20030130146,-0.977275449978,0.608438405511,0.642492729973,0.685941705664,-0.28141733986,0.806495748807,0.266775385879,0.44927110862,1.05132685848,0.615556826958,0.513054953401,0.220714511873,0.787877944654,0.542642606761,0.413282809469,0.31337085314,0.654910941176,0.0691754259943,0.0822155979988,-0.295579520884
IGF1,0.0,0.375418669813,-0.0797827045833,0.748534462647,0.386671873222,-0.060409731254,1.07855946268,0.656953416854,0.53095304502,-0.170332139879,0.595777356769,0.861084571479,1.0064986373,1.09122542521,0.479327120468,0.512237351894,0.666388996864,0.895775283115,1.35051853221,1.97108071566,-0.0202237509478,-0.217200185469,0.65781375145,0.633703228092,0.152817025789,-0.395271782896,-0.00707338227479,-0.442434734324,0.830736353561,-0.0329396738283,-1.10816830487,-0.84036401129,-0.601338329675,-1.48890477381,-0.519699860651,-0.575629888809,-0.769257551902,-1.11109644682,-0.734073696348,-1.26564207946
b2m,0.0,-0.301043863133,-0.356264908853,0.197738779538,0.21386558906,-0.241772781574,0.264318943364,0.707585301228,0.420825039739,0.663930224223,0.777118032746,1.19504780495,1.4144713794,0.657022037787,0.429832851034,0.917362794527,0.587599307902,0.322512744381,0.543259263735,0.600259308016,0.348371420397,0.630642202121,0.877230361038,0.532235352236,0.808245475721,1.09448818969,0.777133131358,1.24768917425,1.44882882246,1.50814063713,1.70252212219,1.7452346887,1.21669615184,1.68332298487,1.5868716515,1.7401162759,1.91187578758,2.09415795889,2.16358905984,2.12541363263
Hist1h2ab,0.0,2.00929275381,-1.07494134062,0.529857193725,0.385110082918,1.19380995087,3.03807883101,2.60527705225,3.30262313564,3.03593337151,1.60880499734,2.98839714559,2.9079433365,2.67904000211,2.2928398831,1.3452016033,2.3834732212,2.62192693236,1.84748607924,1.98149530264,1.01186348692,1.29389645427,1.68584416515,1.58461717248,0.776279771248,0.974395540551,1.73630508177,0.634096520239,0.207218936362,-0.0891957112072,-0.634957484206,-0.586128314959,-0.772179533945,-0.714949751114,-0.570084244149,-1.59158127247,-0.583021568045,0.046879612363,0.502728821128,-0.0148370486464
C/EBP,0.0,1.06603812372,-0.282553856553,-0.150525462869,-0.055215612612,-0.989772107325,-0.86094212698,-0.195091015303,-0.644034399279,-0.33913738492,-1.29509305221,-0.205573859178,-0.304921669582,-0.856461168765,0.72090999875,0.36661939713,-0.197050755302,-1.33913738492,-0.16026342675,-0.127502131592,-0.534257776665,-1.75995723679,-0.46729373641,-0.848567254473,0.095424126953,-0.9083168884,0.000570122529012,-0.51783534503,-0.337695410746,-0.404809606604,0.103408071186,-0.966185287008,-0.387549590105,-0.0954683039527,-0.241526588293,-1.17563865264,-0.103410325082,-0.314817705724,-0.0340423742529,-0.48394497696
ABCG2,0.0,0.745632852605,0.55228103113,0.589752403015,-0.204252819541,-0.399771746013,0.47332481444,0.897806487459,0.274427910585,-0.124777170428,-0.433359814284,1.05553827652,-1.07121886576,-0.444731887104,0.444195283506,0.170020320067,-0.0927091084821,-0.204911885355,-0.370270806555,0.461743484717,-0.581249733052,-0.514777448234,0.892732795828,-0.526263281192,-0.488060109858,0.0645902952578,-0.193748508902,0.137633502131,0.766123378393,-0.105881699571,0.561223786065,-0.852522248584,0.825743276549,0.493371091027,0.459665571293,-0.419907118852,0.642242443165,0.42643100403,0.445035770008,0.390886887172
BCL2A1,0.0,0.407204289858,0.161017725435,0.822108805919,0.333100122542,-0.197035126644,0.047594660359,-0.348481295548,-0.489014568552,-1.0846089139,-0.765675827435,-0.0360683618333,-0.672341581612,-0.4312816006,-0.0375155432576,-0.816820239958,-0.567748749852,-0.441494906636,-0.48397449444,-0.820677216622,-0.479738658769,-0.699232275942,0.0351197395366,-0.775543327188,-0.342655475954,-0.781350896416,-0.0530187595032,-0.231485030075,0.233244445654,-0.00537080331802,-0.244211472037,0.0638144193561,0.13594445326,0.0267658722523,0.0683961186477,0.512123457262,-0.0141056132956,0.703599572244,0.532163257112,0.228014343521
Kcnma1,0.0,-2.08538225807,-0.986810845472,-1.08110443421,-1.38420123904,-1.58080433056,-0.0524253582011,-0.0910162207603,0.00302531181035,-0.2186747015,0.69088589515,-0.703661078341,-1.50578493661,-0.583827265221,0.175173232136,-0.534010119077,-0.593886220286,-0.413650110489,-1.76795957184,0.866428145898,0.134713243435,-3.12446442331,-2.04108550955,-1.4395994777,0.740670727731,-2.49934911163,-0.722276756509,-1.59445769783,-0.0325419338705,-1.46864104868,-2.35873549227,-2.05517596922,-2.97709065554,-2.27024504975,0.220714963155,-1.30162928889,-2.34520710743,-1.94030398528,-3.55610388993,-3.03797289768
polr2a,0.0,-0.329604318378,0.00314918934038,-0.162951768135,-0.327106310891,-0.716989937904,-0.47562582856,-0.725922750177,-0.650042695888,-0.53169020441,-0.791453993286,-0.890025051918,-1.0788019436,-1.14225456535,-0.820619259412,-1.03414629796,-1.00320209195,-1.0402078528,-1.13107182677,-0.347193068931,-1.35837195937,-1.1052268634,-1.02926534716,-0.915894443813,-1.48510547846,-0.972186944654,-0.75817395574,-0.861799615848,-1.05940774076,-0.669384005657,-0.700606159003,-0.738634697935,-0.99299249908,-1.01268139204,-0.86079872892,-1.07173977466,-1.14315564436,-0.997079888656,-1.03973583365,-0.920376977389
GFPT1,0.0,-0.342586947831,-0.0525012548007,-0.359164670643,-0.113271203113,0.0125066946449,-0.480604596138,0.0348605745814,-0.555993733727,-0.939180045454,-0.201907946733,-0.6162451086,-1.30323665706,-0.416789498541,0.293746228172,0.221690788859,-0.0929114860854,0.0153905589358,0.0823352752005,-0.640427386476,-0.684251460226,-0.256858466095,0.0815261209377,-0.241859596245,-0.127047311018,-0.214307523276,-0.702253647606,-0.296419046684,0.135436215769,-0.71035843556,-0.720295165833,-0.744962085574,-0.200463873138,-0.380214080267,-0.27899498174,-0.671191174735,-0.378505913691,-0.666018104849,-0.738946272007,-0.605433128523
Hist1h1b,0.0,1.82895071128,-0.939254562592,-0.0824551553048,0.233408001419,0.795517235233,2.51763185933,2.0682044792,3.04498941338,2.58657914372,2.33135246518,2.26863038091,2.7446586716,2.34811750966,2.2979247498,2.09031102395,2.28486166231,2.32840358433,1.25282667404,1.25666927193,0.203884333966,0.520716683896,1.05591352885,1.15864750685,-0.363684790034,0.586192504406,0.881154748994,-0.596109981795,-0.946694986721,-0.819252642381,-1.79013151154,-1.30035744462,-2.15564634831,-1.37963144143,-1.01797400791,-2.02874540635,-1.11574517989,-0.952675078354,-0.552144133056,-1.18824570778
KRT18,0.0,-0.344890725961,-0.345086364197,-0.836386850885,-1.10860339868,-0.614623205535,-1.62932003871,-1.51555929388,-1.71339764597,-2.01747991315,-1.43181081002,-2.11940515902,-2.00259000675,-1.34095750963,-1.44516996599,-1.40456060283,-1.70966466605,-1.4568770042,-1.98394742428,-2.01585939753,-1.42244988949,-1.68053847272,-2.1699404044,-1.69842335103,-2.68905581561,-1.71572302479,-1.90961176803,-1.93589109283,-1.18338035404,-1.91204435087,-2.04531088174,-1.59122966144,-1.21471146616,-1.52634485763,-1.14186604648,-1.46637961704,-1.60578267371,-1.60409596848,-1.66638851009,-2.07252266254
ywhaz,0.0,0.354422959596,0.41167436863,0.368013872705,0.353057369101,0.302431296031,0.334113623679,0.646642952707,0.633288847084,0.204990116296,0.339726390158,0.35211777526,0.240467705192,0.393533940886,0.685789415097,0.806541376595,0.493682779788,0.0768367636583,0.106781203083,0.373558272998,0.310087489,0.340295082554,0.650275001751,0.393207329508,0.192808666738,0.54580491118,0.607392843213,0.653260066249,0.207995869894,0.471373302119,0.561793743734,0.2160746292,0.568928369492,0.376585753909,0.224705867692,0.172184520003,0.597205707322,0.292848077261,0.425367095688,0.640261282269
FGF18 ,0.0,-0.113274292819,-0.0446400388274,-0.371942176035,-0.032100843167,-0.475907266248,0.432768454289,0.435379304244,0.73742679213,0.222934991873,0.120457026305,0.571422794937,0.259321369248,0.769376218366,1.2123178845,1.44273452058,1.41384991436,1.03445205532,0.325342887592,1.88833905005,0.877819926793,0.820282210582,1.21155652148,0.844132731208,0.623339059377,0.0636937738676,0.719165104048,0.142502241694,-0.357327321752,-0.288933909833,-1.28628433142,-0.932158313005,-0.601609691482,-1.68203886386,-0.774625962675,-1.08005406639,-0.798967923047,-1.0323783112,-1.66645137085,-1.70264601164
Claudin5,0.0,-0.303745575575,-0.0447344823397,-0.503801378501,0.574888839609,0.12211219892,0.213569797344,0.0767403339567,0.792336496311,-0.0410209795407,1.26462550385,0.295539254226,0.461426891066,0.583785784127,1.26680155304,1.77094292123,1.23217395598,0.419145937751,-0.0369268506643,0.574643754236,1.35630350596,0.664190894767,0.815821532663,0.705527243549,0.964188425194,1.02815096684,0.366320370613,1.59309713208,1.14509265555,0.915596817517,0.547031424355,0.0868006087103,1.1923750759,0.788555132378,0.580575368779,0.433610471929,1.01613842419,0.344684294588,0.523374133902,0.441113644252
INMT,0.0,-1.1131254615,0.220672909492,-1.30891338736,-3.15362304486,-4.8770947822,-4.05921468028,-5.49603156322,-4.26300102685,-4.44592504181,-4.55909568011,-4.4018362009,-4.97787060255,-4.73151964217,-4.53568063987,-4.04537015421,-4.06629461661,-2.7549870018,-3.46536221131,-1.60061991995,-1.29027854338,-0.872715627152,-2.44872584844,-0.828864434447,0.022988851706,0.580723947109,0.812354987541,1.12960980435,1.68172616606,2.46350026049,2.5915079607,2.30955045751,2.20290874701,2.23820467027,2.09941841304,2.35052367847,1.84371829374,2.2578872721,2.14657548842,2.12987675416
LFNG (Lunatic Fringe) (PMID 19897741),0.0,0.316398369775,0.00853886518208,-0.142927116059,0.0743864467957,-0.420369116139,-0.263267032069,0.393520236991,0.584786272169,0.0647140365221,0.310868677145,0.38366693804,0.0204715483626,0.734150413355,0.589080115328,0.609320472556,0.36785865573,-0.105476357872,-0.276268966172,-0.558665236172,0.0474250831811,-0.236861731729,0.0783975567428,0.500452688569,-0.168366316311,0.644646838521,0.608904570461,0.627365587782,0.674300324212,0.908560173807,0.40018545095,0.564911192206,1.47070067395,0.653680988117,1.07729561276,0.268925656912,1.0331848861,0.733302666803,0.392795648937,0.483159388982
EPHA7,0.0,0.99726953336,0.231984304961,0.0920415762768,0.28317439999,0.330159383804,0.300997635103,0.316890514438,0.47764581314,0.0757785404753,-0.131278420439,0.059937023996,0.339750430936,0.513924660365,0.726729450778,-0.1180888606,0.0883276910953,0.624272874127,0.159078215953,0.19205193768,0.481388656147,-0.5372512949,-0.446208789202,-0.523547130674,0.218795945394,-0.589476494651,0.119449528346,0.137460394498,0.175554268111,-0.101451547211,-0.237454369878,0.284538282229,-0.483530415407,-0.409828353475,-0.336410892444,0.491041091629,-0.578808254955,-0.469010946608,-0.402284832807,-0.715461717771
EPHA3,0.0,0.386630775701,0.306622823744,0.284344073914,0.274217102103,0.0143147313093,0.295487640315,-0.682403724195,-1.09276011815,-0.413165043757,-0.681639463414,-1.01176623503,-0.733286461327,-0.829387091256,-0.826174148971,-1.98738422281,-1.16718854511,-2.40405964511,-2.75836910646,0.0982330429708,-2.56499899539,-1.95858546535,-1.93617207746,-1.75740247658,-0.739317538488,-1.86607792659,-1.7108138768,-2.09846086804,-1.40582564433,-1.36967847812,-2.06698263657,-1.89909941536,-1.92491373304,-2.49619447123,-2.02915995593,-2.00563199229,-2.58315347849,-1.99762017854,-1.87373888857,-2.48495054872
hprt,0.0,0.180096971369,-0.204551344552,-0.455226987131,-0.791523042971,-0.515388024611,-0.322799550692,-0.313321093115,0.540023783175,-0.655316189353,0.167176808724,-0.405564746659,0.278970727759,0.16835189068,-0.238159737195,0.42745777681,0.000158389970065,0.594540157544,0.375291320486,0.831677894268,0.351031355467,0.132050075467,-0.339738633122,-0.0729338691026,0.330519350925,-0.020097569357,0.055925414598,-0.150630957736,0.0539431667005,0.117522764711,-0.911531212138,-0.335535148239,-0.428831114343,-0.296104023634,-0.353232214805,0.377853509485,-0.516520527253,-0.464668267003,-0.511995840963,-0.617400178368
SMAD3,0.0,-0.405669567285,-0.133801555917,-0.554444669892,-0.312967874454,-0.437145988975,-0.44054604869,-0.298499464816,-0.191829113336,-0.754443391019,-0.162887577847,-0.667252532411,-0.769646793771,-0.507202038725,-0.0873641380696,0.30195627986,-0.451429589211,-0.0674172595839,-0.491617961635,-0.745459961624,-0.227441085547,-0.202960622683,-0.322752820639,-0.550606897394,-0.174897921549,-0.482503431963,-0.631481100308,-0.704311884443,-0.634290213085,-0.568887737863,-0.963174551647,-0.851177600089,-0.69300366664,-0.919908744271,-0.703933512325,-0.999674885623,-0.781255204485,-1.0581506781,-1.1938466462,-1.39390340539
DLK1,0.0,0.907815358978,-0.00406813421422,-2.39658926514,-3.13817596846,-2.19671321216,-2.45495002862,-1.82147493341,-2.62559583699,-2.64310364653,-1.42352175645,-3.84749675999,-3.79525049363,-3.98780078734,-3.78610099298,-4.50204903291,-5.53768196741,-4.47080325593,-5.51710842745,-6.28915086882,-5.35380512493,-5.82722969816,-6.90432798259,-6.24921850154,-5.3715031052,-6.95481775304,-6.28915086882,-6.09424945194,-5.40216444492,-6.32318719282,-6.85094076984,-5.69631947942,-7.22816566749,-6.70501917437,-6.07050084917,-5.8764512327,-6.85924009306,-7.58392735745,-6.32191216398,-7.64798822933
KRT5,0.0,1.53405373141,-1.14684138833,-0.836456041458,-0.866733469137,-0.253756592246,-0.889426054997,-0.437049193893,-0.945024664489,-0.145790244355,-1.00475666452,-2.37908159562,-0.619079443743,-0.319397605239,-0.90712805673,-0.0394756003559,-1.02008424604,-0.60312186984,2.43671839469,0.608513383487,0.201757738415,-1.13427792687,-1.84780696579,-0.112551739394,-0.16802671822,-1.17230137332,-0.787546440977,-1.00285211633,0.760329587232,-0.510914431743,-1.03168775396,-1.45777048427,-0.844392301382,-1.6801629056,0.0503968009136,-1.62932694019,-0.115635520491,-1.26512540632,-1.32097864106,-1.39898115306
kcne1L,0.0,0.886239255169,-1.37851162325,-0.144156293426,-1.33227003911,0.748838654861,-0.749171657758,-1.7722724629,-0.268625761533,-0.52731228466,-0.462089575688,-1.54432051622,-0.534183364679,0.0952876555018,-0.267862026713,-0.0169036613044,-0.60234746146,-1.37193147483,0.284800462314,1.02576870802,0.204250808355,-1.27743789514,-1.87320137175,-0.95504870345,0.230432760169,-2.17151125233,-0.0136990952581,-1.08421646922,0.256944282825,-1.04770740008,-2.27513388341,-1.04967515902,-0.986743903298,-2.8478700818,-0.978598372199,0.108974726095,-1.48276584571,-2.44429169789,-1.2432582092,-1.54802448499
Nol3,0.0,2.09628786503,-0.874741761787,0.240043128158,-1.31906844075,1.53108081246,-1.16992500144,-0.845055631243,0.145363217052,0.0162650543628,0.492071174335,-1.08766731932,0.125258238213,1.55558617316,-0.655351828613,0.594743521514,0.448385580917,1.26521370389,-0.656640524581,1.39278469243,0.536729586482,1.35139500383,-0.429283749133,0.809689758367,0.433322852307,-0.27288219179,-0.296794811734,0.839703699755,0.182591413278,0.714712787319,-0.050772125879,1.05614307804,0.132737233919,0.766111939826,0.206887000518,0.514000561177,0.863722736452,0.444183844938,0.694640184693,0.300837613624
hmbs,0.0,-0.276551717533,-0.110605487403,-0.0148206182072,-0.0930513299465,-0.377930983975,-0.147332349071,-0.227337313243,0.0158830416067,-0.193073794976,-0.394757450897,-0.0266693951298,-0.322896346629,-0.499647778149,-0.0269652213243,-0.449352075604,-0.277841985146,-0.0768307209879,-0.413586339015,0.121087715526,-0.750580613023,-0.731169690659,-0.430575438243,-0.461296082164,-0.687491480121,-0.804840504538,0.176267094355,-0.561726792827,-0.0872813663713,-0.296978972254,-1.0563551157,-0.582303154271,-0.571762474045,-0.946509705796,-0.885155796713,-1.03378601979,-0.813490086326,-0.912406209877,-1.11447737284,-0.612322251354
PDGFRb,0.0,-0.00892487659885,-0.0184432262211,-0.124565416585,0.296960119652,0.71572195861,-0.0822434540533,0.336094042621,1.03431479015,0.498777254486,1.72249821707,0.476711909564,0.594140430148,1.57412113187,1.0379411183,1.71988022398,1.9603176212,1.17552107358,1.67054935665,1.9399383407,2.35920938198,2.0720704299,1.45105326574,2.12332145871,1.95908860431,1.94656825777,1.01282404036,1.64411113544,2.15473609941,1.68445685939,1.00218947069,1.11230706465,0.935779117056,1.47250691309,1.16128218392,1.42240542689,1.01308725784,0.906323888328,0.521898160977,0.452752238919
CTPS2,0.0,-1.1012449685,-0.754711660242,-0.681269450916,-1.27381330671,0.231108427748,-0.719795537491,-0.962888067566,-0.938417101162,-0.411212893636,-0.891121049737,-1.37437525207,-1.47181382712,-0.687465597006,-0.888369610431,-0.773961155012,-1.1037623222,-0.663994443493,-0.659790135093,-1.40965473921,-0.833161145791,-0.813110908767,-1.07713436517,-0.678181328681,-0.853352755961,-1.31677895073,-0.482147973393,-0.716966470634,-0.00933075943975,-0.607887287936,-1.08656431874,-0.727539490818,-0.845888216717,-0.803530316414,-0.719152080436,-0.529872237793,-0.823446925473,-1.03937640077,-1.13140457736,-1.08639834865
THTPA,0.0,-0.132798882548,0.031442122823,-0.435820306217,0.179866783314,-0.213912905911,0.199304310869,-0.106743623024,0.141705280791,-0.470171811008,-0.0867659207784,-0.328285590404,-0.850983536033,0.0753290856145,-0.170901256039,-0.229683775639,-0.41336545539,-0.72235449457,0.112858077179,-0.159644800696,-1.61767551774,-0.269966152936,-0.368217579788,0.0315785285377,-0.30760455086,-0.259580981825,-0.248938646497,-0.167765642892,-0.65078268354,0.13435685774,-0.770534556061,-0.223322172636,-0.612976876891,-0.449843723216,-0.328460642888,-0.375795535145,-0.596018761675,-0.553043014311,-0.788964921706,-0.932987202444
LRAT,0.0,-0.367347771514,-1.22593405091,-1.04646621313,-1.72853529685,-0.543630479123,0.286609567284,-2.22532876664,-0.341209478692,-0.865181349524,-0.8727446436,-2.19183185465,-1.21507759887,-0.52067462576,-1.48015641931,-0.900015764793,-1.93571212504,-0.271132456255,0.00542512875995,1.73276651115,-0.122850996112,-0.59157770198,-1.50638796088,-1.57721854739,-0.372029678862,-1.24114928412,-0.306545552388,0.0271779272882,1.20946735615,0.344221045587,-0.323935390661,0.836708313504,0.0868841734125,0.558317728503,0.197102928731,3.07937091512,1.17469101857,1.65337024552,0.546847399883,0.131987059693
ppia,0.0,0.242056759769,0.221510524198,0.364400350442,0.189894015654,0.0484851901466,0.519046692615,0.308026870582,0.415180922778,0.0867101471996,0.17172774094,0.192148800149,-0.0666247318875,0.0377801548085,0.3517399292,0.199006909561,0.0991407330102,0.00316750010737,-0.264275420558,-0.11882393439,-0.288454315007,-0.396166590845,-0.027654742283,-0.417670754665,-0.804150676401,-0.499998290176,0.0154002654165,-0.257614393652,-0.54044856714,-0.371714318777,-0.262535198564,-0.624704088355,-0.200764235937,-0.349930613566,-0.265374609736,-0.606564362543,-0.239423832175,-0.241658793988,0.044243280247,-0.0372254065777
MMP-3,0.0,0.732971050661,-0.997153510999,-1.12182292829,-1.27122560586,-0.838719092967,-0.574081325696,-1.97644911723,-1.16376469137,-1.97769550612,-2.33848535941,-3.08777946477,-2.20404194446,-0.64112819242,-0.876581255093,-0.697514240115,-3.15105363962,-1.49209055745,-0.418735771083,0.023550882766,-0.0814010469814,-2.26817228188,-1.7941190949,-1.47791162228,-0.287362442997,-0.642116001456,-0.91069467175,-1.26740995952,0.765180868454,-1.03622555383,-1.18304375386,-1.29045669628,-1.33050141518,-1.15105363962,-1.62151272993,-0.859822341952,-0.290069551494,-1.1787371983,-0.591149228174,-1.02136892559
Aqp5(Aquaporin),0.0,0.238954496476,0.239433351712,-0.293155777422,0.204346767713,0.260960484221,-0.402263978454,-0.210347378728,0.399552760062,-0.1642065471,1.09611776789,0.0154601045455,0.858727267277,0.727950669803,0.739788873034,1.5950631345,1.03014754787,1.08765898856,0.718444016497,0.345062127318,1.33075222099,1.17049637701,0.67609231737,0.966492656271,1.34875069305,1.03848158475,0.470615257936,1.17616020348,2.00911340459,0.570248820959,0.845042237915,0.825847408468,1.38309123239,1.05935256548,1.06884090216,1.28910320736,1.5825677978,1.15395456884,0.880872573019,0.631730255383
CD68,0.0,-0.000204159774046,0.352829022997,1.19996719129,0.539968579792,1.69869557724,0.360640750686,0.737904357187,0.181064512148,0.0418493390183,0.230970138241,0.542073168117,0.41018088234,0.157341810865,0.23704538351,-0.0506916927038,0.0228859350457,0.0681809247029,0.0440290860781,0.390537344325,-0.223209233837,-0.182560629787,0.904861325507,0.222946423703,0.420742274562,-0.0220106029286,0.867753834863,0.441335248629,0.54403468445,0.367777716468,0.449131998235,0.792433743915,0.637808997848,1.00733057632,0.655154150545,1.08116866008,0.997752651893,1.52465327691,1.25921865136,1.14413227437
Cdh11,0.0,-1.03032215313,-0.00295386092215,0.233663773261,0.198344837835,-0.0711537645334,0.834405645385,0.560047756623,0.986417106135,0.612070554615,0.133676528056,0.821743463938,0.507315445509,0.451152188578,0.764518269962,0.0450600896536,0.479750823135,0.740598174833,-0.147210882582,0.322743489588,-0.675560905071,-0.330111657471,0.00704489171887,-0.253530259988,-0.821322762223,-0.715671908842,0.0713000270798,-0.771203855417,-0.856699897005,-0.727920454563,-0.568798904996,-1.06361501223,-0.656307852439,-1.05153813741,-1.14772501599,-1.18270904114,-1.0395274432,-1.0280891405,-1.15180785763,-1.42571986417
Lrp2,0.0,0.332216669487,0.0188152265702,0.612571043334,0.571146723051,1.33386428713,0.141719006746,0.542933747882,-0.605867703177,0.132755208852,0.465949812492,0.285940936219,0.296963637816,0.837514421796,0.985136132897,0.71558652242,0.582105935041,-0.153993435718,0.926013072748,-1.26370908382,1.20238939669,0.782873052393,1.06455889867,0.795483578411,1.13464695807,0.829166704667,0.341255369392,1.15354588189,1.71945190773,1.62378251489,1.50568629369,1.50166076113,2.39452706904,1.50504661892,1.9490403344,2.21842137508,2.10937769437,2.02622219268,1.92942257247,1.92088366736
NME7,0.0,0.191754690306,0.580302659683,0.730056039905,0.156155718909,0.331183997837,-0.288842152579,0.357211550529,0.146152104004,0.215499221473,-0.464389154589,-0.413045022828,-0.443321843452,-0.361878500264,0.341786291964,0.0039822049283,-0.23824007783,1.10463471336,0.00256125037544,0.871072984301,-1.53568266077,-0.550207255316,-0.174811085012,-0.334443807643,-1.59812482365,-0.407745166285,-0.0634701865221,-0.683837099005,0.0226088080928,-0.159777877948,-0.249708838575,-0.681551097828,-0.34489685929,-0.611988666467,-0.317661866916,-0.974869731829,-0.560672229686,-0.389720631477,-0.198802521713,-0.344173522579
Claudin 1,0.0,-0.131251688031,0.0394227796415,-0.177910279744,-0.974681072391,-0.105967787885,-1.02883361543,-1.38284530931,-1.36184048095,-1.01662283546,-1.19122913552,-1.66687679644,-2.14497521004,-0.649174794704,-1.14530751341,-2.14963443683,-1.1843835946,-1.93220301378,-0.779196804795,0.270228412218,-1.45845532774,-1.20987600405,-1.39504326722,-0.702375477659,-0.683430725098,-0.803378796342,-0.198624500909,-1.16235728827,-1.89988347892,-0.977636810038,-1.07019401685,-0.886211186867,-0.920211416595,-1.40336538778,-0.914819218761,-1.29027476319,-1.27783450569,-1.48050704392,-1.07905464158,-1.41935109195
Claudin 3,0.0,-0.383919019852,-0.0269889142599,-0.536290223281,-0.606815615592,-0.603541627012,-1.15027494045,-0.699488058655,-1.31268636547,-1.26455836794,-0.781633949326,-1.42600608946,-0.779785160514,-0.72407285675,-1.19108492192,-0.65162738779,-0.603038595263,-1.33820309794,-1.65266810563,-0.911699859926,-0.555059741465,-1.50509645766,-1.47947892348,-0.713536885425,-1.79651017515,-0.605807442916,-0.845201642172,-1.04335973653,-1.17510806937,-1.03842045349,-1.13546856427,-1.15727385773,-0.241670493933,-1.17212034883,-1.31001565833,-1.12640410217,-1.25919850404,-1.16988361189,-1.06536504462,-1.32611456833
tfrc,0.0,-0.825606721171,-0.181727365062,0.430153752803,-0.324708485238,0.114377024835,0.264068869074,0.16378464498,0.0189110155927,-0.569199624948,-0.340241948514,0.121904408294,-0.0913077397253,-0.0703403102619,0.281044732627,-0.173043083343,0.19352305818,0.343288289569,0.262435166862,-1.3457339887,-0.613635412394,-0.223468505475,0.516165393907,-0.163586968213,-0.430396385771,0.202496754248,-0.0129662884435,0.34753226984,0.00684631438106,0.494582837606,0.419605316873,-0.0341418627451,0.529754101623,0.33379067713,0.282052928788,0.141219680425,0.371727378401,0.439622008099,0.30028006094,0.019958870796
ABCA3,0.0,0.551213935977,0.515813469859,0.363836169171,-0.0142400229127,-0.715588939672,-0.643284238255,0.33950623245,-0.146308061183,-1.20266442472,-0.387936653972,0.289433502444,-0.332199507801,-0.0252533614076,0.2054037065,-0.286921743426,0.282869433615,-0.676318957262,-0.613857982242,-0.323403292293,-0.436657912049,-0.190857158421,0.154081135849,0.241161280301,-0.158823330782,0.615267000327,-0.198615369472,0.175399615721,-0.221786175886,0.600945708011,0.697718049018,0.259673102455,0.844934134453,0.358568858035,0.37923908723,0.0129246941739,0.525636839327,0.578860353867,0.307989721928,0.537875489114
Claudin 7,0.0,0.193835836115,0.277742887276,0.140964821993,-0.154122426617,0.510550308707,-0.152003093445,0.207740515963,0.0940712469231,-0.209838282266,0.976125156497,-0.408406200407,-0.42898428199,0.477164828622,0.336399514161,1.0308958717,0.709882356138,-0.107569482277,0.803579878366,1.08276350471,0.16731614894,0.353713447552,0.0326169515821,0.374898108426,-0.0290266646241,0.465178143326,-0.105675145591,-0.0177020017335,0.651996722354,0.237270209052,-0.494191672832,-0.515620805612,0.128143156049,-0.129053948648,-0.373228494321,0.306717487701,0.349577014209,-0.394463267327,-0.134998577195,-0.579913117808
MUC5Ac,0.0,1.2654053103,0.975108824458,1.66296501272,-0.23670025802,0.745293953925,-0.0941221773646,2.26303440583,-0.733805253273,0.853260301816,0.795373240921,0.127111917903,0.379971102428,0.720931242368,0.334026237405,0.613779773142,-0.0210336998722,1.09192248944,0.558138712645,2.60756392966,2.14953321261,-0.135227380694,-0.203533394085,1.29742313138,1.13836612171,0.24071602641,1.21641401932,-0.00380157015986,0.913960168933,0.782187817464,-0.908077510559,0.785495488094,0.931981576571,0.901819606061,-0.0326372077924,0.0169841796309,-0.575502171472,-0.841935153768,-0.321928094887,-0.243426121209
MUC5Ab,0.0,0.501385883535,-1.09018944026,0.880705544567,-1.55848557244,3.36637724399,-1.45315409751,2.94742688218,-0.725595558278,-2.7200294331,-0.222262711735,-2.74416109557,-2.0509596656,-1.27957680139,-1.27120362036,-0.976582871471,-2.13848969802,-1.66140926666,-0.304778280351,-0.263709083815,-1.67046472889,-3.30157726941,-2.39673450245,-2.56001466113,-1.48040262697,-0.630556987064,-3.33784081339,-1.55314648875,-0.817247131791,-1.60428926206,-2.37503943135,-1.44819028564,-0.880795787592,-2.33260416503,-1.45244393503,-1.7873878431,-2.31571515132,-1.81541977874,-2.35764929447,-2.13392781266
PRDX3,0.0,-0.266478807637,0.051864096506,0.103366994024,-0.276807640175,0.0879922619729,-0.186254856061,-0.655416446969,-0.519534596202,-0.358323714589,-0.779505954089,-0.589962253376,-1.08744613008,-0.883529018632,-0.432222071698,-0.831690087113,-0.493766412255,-0.453361504401,-0.640681758339,-0.34581011662,-1.32522956007,-0.581668573369,-0.746234782609,-0.444904921236,-0.766105270491,-1.13823454845,-0.116476525992,-0.793186719186,-0.553860702631,-0.892270152794,-0.815051458611,-0.604591917928,-0.656399448446,-0.635757287901,-0.41857720003,-0.676130248686,-0.498039763935,-0.744740535928,-0.530950513393,-0.856730976817
Igfbp3,0.0,-0.00501395261545,-0.0270374490598,-1.60724784324,-1.69341159633,-1.22171510208,-1.97518833588,-2.06524764391,-3.09578336985,-2.51610372748,-1.87888453238,-3.78004075074,-3.93612423398,-2.95513193819,-2.40493103048,-2.26305260686,-2.2929182625,-3.17302247872,-2.08428876013,-1.5528342897,-1.52402084361,-1.84296404363,-2.50331961401,-1.74047859859,-1.24986265727,-0.813663174526,-1.82297057165,-0.580328718542,-0.137652172163,-1.54688355834,-1.01239941498,-0.914292293918,-0.377480606912,-0.527689602652,-0.62833460299,-0.501171275401,-0.660674023787,-1.23779343207,-1.38911307379,-0.931025547406
ERB,0.0,1.34289163329,-0.448163282174,0.466492703414,-0.0396755808553,1.98586686251,0.0242543404995,-0.929591260043,0.516935643003,-0.613576495789,0.314161761987,-0.823341761763,-0.399494707165,0.972425186019,0.194936323261,-0.25239315659,-0.844413985382,-0.824063289681,0.934748172439,0.388293491564,-0.0697372254831,-1.41408661508,-0.588227441387,0.170513717939,1.2403337414,-0.585778043445,-0.548930992445,0.277972139323,1.6230468194,1.00772474884,0.335318413583,0.18277669962,0.215094419893,0.0366277864579,0.5299815294,0.939857323563,-0.0943328914253,-0.0147507736232,0.235667338277,0.118140202106
F13A1,0.0,-0.117111881278,-0.867257014632,-0.205146615806,-0.594868380546,0.434030144681,-1.85966785962,-1.52238058677,-1.36547300731,-0.744074197224,-1.77633690146,-2.48453723563,-1.98011568007,-0.932456103374,-1.57692054695,-2.06542020816,-2.61559650636,-1.32694229394,-1.40064916711,-0.163543226262,-1.62157394331,-2.28297104149,-1.85211841779,-2.86725701463,-1.63360363217,-1.72257726199,-2.16354322626,-1.77538462747,-1.18140673619,-1.44198355963,-2.33323464962,-1.17825674577,-1.42433684204,-1.79021597887,-1.08298570569,-1.12664364345,-1.32833822539,-1.61900915145,-2.1139485706,-0.566175704651
LOX,0.0,0.101114030511,-0.0496316656572,-0.450830743328,-1.06958654324,-0.819636029326,-1.20007486708,-1.27103016119,-1.63987017833,-2.04903876697,-1.62481159067,-2.11596760031,-1.87624612246,-1.96399416327,-1.83093993336,-1.88904913952,-1.64968419528,-1.18761322544,-1.69169220967,-1.79449924819,-1.72268667614,-1.88835246075,-1.62165021099,-1.42816984231,-1.98129091358,-1.38835912806,-1.04677560452,-1.32083388768,-0.951150833056,-1.87079370639,-1.57971274595,-1.50577223651,-1.75032808716,-1.6651416455,-1.77595925719,-2.08505113056,-1.98582269572,-2.6304666348,-2.42334515498,-2.6768512337
ALDH1A2,0.0,0.141081676869,0.242808257891,-0.778750307469,-0.0247703776107,-1.98748936153,-1.52785186419,-0.570471498124,-0.66058723086,-0.634640388115,-1.18564524624,-1.83707251898,-1.11652468425,-1.07502298037,-0.509848629486,-1.61701408406,-2.35865900944,-1.17271199028,0.020978839504,-0.125219385798,-0.913545401883,-3.53114945429,-1.51147603523,-2.42152496311,-1.59441719375,-2.32249934615,-1.71018188652,-2.0,-0.973403182054,-0.828933174168,-1.47370909614,-3.19150325355,-1.38526684431,-2.19411446701,-1.95280483233,-1.37042417182,-3.30828548693,-1.54358298463,-2.4985079026,-3.15035408148
Acta2,0.0,1.53869299215,-0.197617427143,0.391523904778,0.320880558919,0.750137521238,0.818665985459,-0.262939212997,0.655102484268,-0.0439776970606,0.848842844962,-0.100011731975,-0.481434126169,0.689253652697,-0.0727235166096,0.189309365379,0.0587604085287,0.448442333531,-0.109223721676,1.19680390193,-0.244213704745,0.0737625718679,-0.502857369619,-1.36836144367,0.917733818215,-1.29645145763,-0.609201979535,-0.586152941453,0.683238922494,-0.636319728147,-1.42091989395,-0.318837538291,-0.327173397459,-1.93986929372,-0.94444202351,-1.34399101552,-1.56135767047,-1.48876253973,-1.31765062334,-1.41583101728
PCYOX1,0.0,-0.549643090103,-0.276291599956,-0.885428437828,-0.283219320547,0.503653783586,-0.0899504682918,-0.440343327326,-0.446405589549,-0.0556279925362,-1.06008305024,-0.592830465413,-0.482576354441,-0.587282663964,-0.626572890893,-0.201999485349,-0.17336195736,0.031922065414,-1.52556957221,-0.219541948607,-0.695366225709,-0.162343612162,-0.729554219391,-0.306187431955,-0.599840397175,-0.885867748136,0.107029840501,-1.04749594669,0.179680316686,-0.697967499652,-0.61123658051,-0.544952242268,-0.895124301694,-0.0357487465938,-0.343714360684,-0.80762244285,-0.868181821268,-0.509994799676,-0.26039752331,-0.796738820497
TGFB1 ,0.0,-0.798242003528,0.276818737268,-0.0166426288778,0.00360211176289,0.145717924305,0.10563729623,-0.0376038954179,0.014999399649,-0.0603533520164,0.655683350783,-0.0234827871733,-0.0389412959866,0.114378632021,0.0941390503062,0.469799714465,0.252047610329,0.0941859771376,0.248636534166,0.0639321343574,0.0385031480612,0.383154977393,0.415287936733,0.441861221444,-0.0974940873635,0.593170863999,0.353782866939,0.713065252949,0.773272301751,0.405299413709,0.239373409156,0.319712334961,0.379077935187,0.559985466868,0.471751549512,-0.106310375436,0.656446277845,0.155780078848,0.119767171312,0.313840683114
GUCY1A2  sGC(soluble guanylate cyclase) (PMID 23934926),0.0,0.74808538861,-0.185246207746,-0.109833185965,-0.535938532248,-1.30758865561,-0.324389202213,-0.413284852242,-0.0184166539939,-0.416944968474,0.403958116379,0.29798680188,-0.732854047568,0.577956082835,-0.235259352029,0.398935824987,0.426770033184,-0.202514798522,-0.186286925584,1.72446788707,0.0260687318546,0.292020621071,0.54028242171,0.465718785615,-0.0016021045965,0.631109267116,0.700034958583,0.816183554563,0.785856894927,0.640530982502,0.389013177446,-0.185766472822,0.522875557642,-0.233106878611,0.215677857926,0.285654402903,0.427280450681,0.0516747639659,-0.0205033165301,-0.150047378628
MCPt4,0.0,-0.583297532226,-0.852191621847,-1.0387529017,-2.10001173197,-0.250428574528,-1.70915260816,-1.62599892247,-1.54598740843,-0.142462226637,-0.555050030898,-2.49948894633,-1.99762206137,-1.19343859594,-1.23018778209,-1.1851170717,-1.05679297472,-1.59979385212,-0.420919893952,-0.388158598795,-0.794914243868,-2.020613704,-3.07773810296,-0.0832743544611,-1.1646987005,-3.75822321473,-1.45966962821,-1.58543855915,-0.598351877948,-1.17111544217,-3.20363436305,-0.881706268162,-2.64671489951,-1.93986929372,-1.7060433504,-0.971253532859,-3.28945373151,-3.62306363145,-2.61429342182,-2.78094329123
Shisa3,0.0,1.20938380482,-0.144871615548,0.560060478618,0.368024869182,0.336891997532,1.16135239659,0.986496632093,1.51394391191,1.32347148177,1.4317408924,0.733472592103,0.545047501983,1.75475687012,1.25118984711,0.536003595032,0.500867732643,0.314071290121,0.406720578087,2.33609933904,0.519939328662,0.0150771040285,-0.277230710854,0.632129838547,-0.339912559155,-1.09729055101,0.364253115292,0.00085764098883,-0.554544170288,-0.35665863965,-0.637080449776,-0.115453387173,-0.991162200153,-0.997999630206,-0.674473234089,0.115103214296,-0.955233307276,-0.801290921117,-0.7284120412,-0.814809245292
actb,0.0,-0.477870055532,0.16144089999,-0.0487114606854,0.299456096681,-0.00946205774625,0.132809694135,0.13656137358,0.205144906581,0.169546340834,1.04658232441,-0.0906419471641,0.232849953268,0.390366088384,0.384685153546,0.806696799135,0.616020584282,0.469468817993,0.322181512322,0.35251447661,0.717950928521,0.558613066175,0.392405378669,0.230305944653,0.317294988501,0.214797883757,0.219293074892,0.347345773765,0.566964674965,-0.0388540932641,-0.0549002101791,-0.0764835726405,0.127969631892,0.127501889706,0.13976758628,0.212974593194,0.181346049732,-0.104779566398,0.00525864986471,0.0288888298721
NEG_F,0.0,0.106915203917,-0.308122295362,-0.0759488532333,-0.530514716699,-0.700439718141,-0.176877762084,0.206450877467,-0.241008099504,0.547487795302,0.299560281859,-0.241008099504,-0.530514716699,0.0721497857558,-0.308122295362,0.0544477840224,-0.893084796083,-0.176877762084,-0.793549122533,-0.378511623254,-0.893084796083,0.106915203917,0.0,0.157541276986,0.343954401217,-0.241008099504,-0.176877762084,-0.11547721742,-0.11547721742,0.253756592246,-0.241008099504,0.206450877467,0.106915203917,0.469485283301,0.509013647488,0.547487795302,-0.176877762084,0.0,0.157541276986,-0.241008099504
NEG_E,0.0,0.362570079385,0.192645077942,0.308122295362,0.440572591386,0.65207669658,-0.222392421336,0.362570079385,0.584962500721,0.0995356735509,0.836501267717,0.362570079385,-0.222392421336,0.192645077942,0.836501267717,0.777607578664,-0.222392421336,-0.48542682717,-0.48542682717,-0.48542682717,0.280107919193,0.362570079385,0.893084796083,0.777607578664,0.192645077942,1.0,0.65207669658,0.0995356735509,0.0,0.0995356735509,1.19264507794,0.362570079385,0.192645077942,0.893084796083,0.777607578664,0.893084796083,1.0,0.836501267717,0.51457317283,0.716207033999
NEG_B,0.0,-0.48542682717,-1.22239242134,-1.39231742278,-0.392317422779,-1.39231742278,-0.807354922058,-0.222392421336,-0.807354922058,-0.304854581528,-0.584962500721,-0.222392421336,-0.48542682717,-0.517848304863,0.131244533278,-0.144389909335,-1.80735492206,-0.932885804141,-0.932885804141,-1.07038932789,-1.22239242134,-0.0703893278914,-0.691877704638,-0.48542682717,-0.584962500721,-0.584962500721,-0.584962500721,-1.39231742278,-0.144389909335,0.0,-0.222392421336,0.131244533278,-0.807354922058,0.607682577221,-0.392317422779,-0.584962500721,-0.222392421336,0.308122295362,-0.144389909335,0.131244533278
NEG_A,0.0,0.938599455336,-0.125530882084,0.152003093445,0.11547721742,0.874469117916,0.415037499279,0.584962500721,0.584962500721,0.0,-0.263034405834,0.584962500721,0.222392421336,0.874469117916,0.222392421336,0.415037499279,0.222392421336,0.0,0.0,-0.263034405834,0.0,0.321928094887,1.05889368905,0.222392421336,0.662965012722,0.736965594166,0.222392421336,0.874469117916,0.0,0.415037499279,0.662965012722,0.736965594166,0.415037499279,1.0,0.502500340529,0.321928094887,1.11547721742,0.736965594166,1.0,0.0
KLra4,0.0,0.62977029608,-0.481790542848,-0.659681854101,-0.0287284490869,2.00737662788,-0.922476629498,-1.85712791831,0.526132019845,1.11477688001,-1.3924596513,-2.37760169258,0.764463504405,0.746943405362,-1.3454430248,-0.635913688168,-0.759517121681,-0.342554745477,1.16181140513,2.86908050785,0.462324862777,-0.873710802503,-2.03687600224,1.49377338845,0.0925404061428,-1.91602160736,0.278500757822,-1.00684283516,1.85121699792,0.0861236644709,-1.02756826001,0.903549264407,-1.38947579286,-0.199814573361,-0.970717128147,0.952580503523,-1.04389642991,-1.4226426568,-0.775009297834,-1.1384140287
Akt,0.0,-0.154271101001,0.514682222636,-0.297225410353,0.0427748184955,-0.263317384316,0.254421981494,0.706331546749,0.444120621749,0.148878411815,0.910869991825,0.299280251356,0.223806481769,0.69177103276,0.847924857116,1.00081030835,0.572490351452,0.305375195525,-0.150209567531,0.456309353745,0.736505725943,0.407190843212,0.485106787872,0.515651519386,0.10125985633,0.535634104902,0.0314281883596,0.214666416103,-0.430445989102,-0.165136059436,-0.373283571507,-0.481506217847,-0.0327912902463,-0.101709968576,-0.0951465152494,-0.339289184183,0.00623500274634,-0.428659664584,-0.510897814677,-0.469784589158
P-63,0.0,-0.416813124169,-0.0685120962669,0.131200980804,-0.196098049366,-0.225930815646,0.0786178495727,-0.41709862931,-0.417955483894,-0.54246557809,-0.959964034992,-0.572010079806,-0.988308573806,-0.942042577485,-0.680980867556,-1.18259730875,-0.715641984694,-0.657427892869,-1.34287865468,-0.70307296764,-1.67512836047,-1.41157887111,-0.899172085171,-0.951602966586,-1.68103500144,-0.997155300554,-0.680980867556,-1.01353548927,-1.31617703143,-1.17515677949,-0.84505785473,-1.1467690368,-0.612253430334,-1.11473083125,-1.00983653104,-1.4047087395,-1.02523927767,-1.0442393719,-0.887465057941,-1.00440741635
ubc,0.0,-0.50589092973,-0.958687904973,-0.991558226113,-1.81659176919,-0.834597557248,-0.535037275389,-0.659899159065,-0.686222746234,-1.4286479308,-0.784518270253,-0.684180714695,-1.58179104409,-0.0521538791455,-1.36184456011,-1.19264507794,-1.38985893628,-1.18396283484,-0.425233266385,0.0276724184846,-0.379083226588,-0.919726683799,-1.09989857005,-1.26863315883,-0.441525389466,-1.53136161725,-1.36838740598,-0.169607541866,0.0139025565111,0.0314051373609,-1.26710407014,-0.826692359163,-0.425233266385,-0.678071905113,-1.04122266273,0.337590495702,-0.620316565359,-0.344003247353,-0.769286054416,-0.601888613446
FOXD1,0.0,0.122520810627,-1.1941832772,0.272079545437,-0.823268331151,0.746681598715,0.523534432376,-1.561728172,0.907523495395,0.927631068844,-0.788956360014,-1.54685489552,-1.58622913385,0.669712726038,0.295479329211,-0.990535533249,0.54104308223,0.941541459374,-0.00952696643341,1.60819682945,0.66639267339,-0.540395744793,-1.52300815356,-0.93743935107,0.0219879398422,-0.25633975326,0.438271828003,-0.367098884714,1.09848022318,-0.365466876575,-0.739499973458,0.168306328332,-0.330817969219,-1.26544196037,-0.449416969903,0.760573629677,-0.472068444315,-0.827755722143,-1.31655727609,-0.5928972641
RARA RARBRARG  Retinoic acid receptors alpha beta gamma,0.0,1.94909831221,2.24250225515,0.822194139983,1.39981026698,1.599370613,1.65197276725,2.23183353732,1.98101311126,0.66428808968,2.15048758225,1.87654613388,1.4251477265,2.14023763855,2.33897470961,2.21173791882,1.99885636535,1.12738735703,2.41124573209,0.875923343007,1.46916769793,1.60012496336,2.94494752213,1.89479855005,2.69214986503,2.79488953947,1.39068338133,2.53613173819,2.81354745518,1.56036614508,2.00883256363,1.234265183,2.88213918649,2.5242576379,2.55025284643,1.5506431332,3.09296649963,2.41253461995,1.96529034571,2.32307082369
HPGDS,0.0,-0.362392785314,-1.37746944657,-0.0462414895823,-0.25392845191,0.132711563892,-1.15830525447,-1.41868276261,-0.80741698013,-0.925503050053,-1.48453348679,-1.89748867388,-1.05000563912,-0.554263090585,-1.2275315875,-1.33176652986,-2.20218006385,-0.725510013673,-1.06135737541,0.994528645244,-0.734155094716,-1.32864583853,-2.31994364472,-2.30760229452,-0.797459855552,-1.99306633387,-1.72345927411,-1.61759837216,-0.641407028691,-0.81831846045,-1.55426309059,-2.37424842483,-1.78030513451,-1.39498833335,-1.96566017652,-0.851078208926,-2.01999609337,-2.06187549178,-2.44818127252,-1.98125703158
gapdh,0.0,1.79854499015,0.359854139435,0.0114296041814,-0.321338691243,-0.194530035827,-0.151999528678,0.0981882739382,-0.151007677469,-0.489892190043,-0.210911536767,-0.383435121651,-0.486704293675,-0.464138995558,-0.0264310190361,-0.418824688151,-0.161016793154,-0.336936490379,-0.45745919825,-0.616330608554,-0.893682273611,-0.709211606908,-0.211388160975,-0.841909729774,-0.890486890493,-0.275810628123,-0.565101472628,-0.654504820275,-0.935368046977,-0.609216753587,-0.576347269749,-0.901741792954,-0.17931300517,-0.612515836909,-0.621068069173,-0.806025429529,-0.295717918014,-0.613268169083,-0.43481071091,-0.641675863901
EGFR (Epidermal growth factor receptor) (PMID 22916088 22245996),0.0,-1.374238959,-0.914014656347,-0.753082351551,-0.435513104566,-1.12886790177,-0.478498744968,-1.60721843654,-0.365932366468,-0.785330903194,-1.48301328409,-2.14537554141,-1.9629522842,-1.5529686027,-1.39144959087,-0.526714256447,-1.78072900124,-1.44669843196,-1.57640406054,-1.85212652252,-1.5350654455,-1.8519707996,-0.908660217726,-1.37189265871,-1.85352878576,-1.58945553556,-0.788903774795,-0.361658369222,-0.846143290501,-1.97053966531,-1.42186898675,-2.37491003199,-1.46897438928,-1.77304249308,-0.346441787036,-1.83632873781,-1.70087113319,-1.86259843544,-0.351661284661,-0.0114328355651
E2F8,0.0,-0.220016049459,-1.48971418557,-1.04100897353,-0.961976553545,0.333582280353,0.386939179605,0.436285232983,-1.14551692684,-0.260468093196,0.0282613354651,-0.374236968153,-0.794215208703,0.0490998543439,0.185850863929,-1.01290048871,-0.221679098681,-0.0157829972409,0.146427039073,2.19585225609,2.44023457857,-0.436602849114,-0.195297654255,-0.507861532284,0.979158712936,-0.584962500721,-0.389110244635,-0.195297654255,0.502248495361,-0.34857208476,-1.86782511585,-0.870431611668,-1.48172139482,-0.355858438839,-1.43467282202,-0.263890858837,-1.14236349381,-1.02737097152,-0.448237549597,-0.811642280461
POS_C,0.0,0.348276324987,-0.0119631361076,-0.206343638902,-0.114020429416,0.1018911359,-0.369994457332,0.154535693131,0.167571329232,0.00909662729535,-0.0204224596247,0.418708319964,-0.0338537878824,0.103386279121,0.00556586238781,0.112246577065,-0.417447593986,-0.367703165804,-0.215291295817,-0.452919168038,-0.390947684032,0.1018911359,0.272865522784,0.146771883418,-0.0750482442693,0.0888414248135,0.0520282853512,-0.0155458839485,0.0282385931701,0.28602279226,0.108489556606,0.077235190212,0.15567391413,0.498924793807,0.354138321786,0.353741650065,0.394132903821,0.51675147609,0.125900496556,-0.226072605958
MGAT4A,0.0,0.185861897461,-0.808201077531,-0.275352501037,-1.08268609423,-0.835112231633,-0.908239390806,-1.77019475495,-1.03857703211,-0.106850135585,-1.41348750202,-1.34688551771,-0.986947657573,-0.313038266953,-1.64851619836,-1.04336353792,-1.79126697857,-0.721958569298,-0.292776462316,1.24861743079,-1.01659021867,-1.67798731685,-1.76731224642,-0.689196069257,-1.77525304477,-1.60283682721,-0.428493591024,-1.36420239528,-0.671573077722,-0.748359727689,-1.19924614978,0.0786034262929,-0.690219378231,-1.1120975496,-0.246381917224,-0.434768668315,-0.849139333729,-1.57484715663,-0.829464194766,-1.75013710261
MMP7,0.0,0.958570851558,-0.882405627319,-0.748727192087,-1.73601614034,-0.253756592246,-1.18304375386,-1.43447983428,-0.945024664489,0.39687813016,-1.13427792687,-2.63816881694,-1.00095007909,-0.319397605239,0.445114315813,-1.21355505808,-1.5660911389,-0.139499412988,-0.440911833526,0.608513383487,0.820187367402,-1.797416685,-1.40903481772,-0.371689461392,-0.16802671822,-1.17230137332,-1.46561834609,-0.130114301924,-0.0850903772378,-0.638168816939,-2.13845360284,-1.45777048427,-1.06906026742,-1.6801629056,-1.03168775396,-0.439623137557,-2.01815936912,-1.29511055529,-1.99525896701,-0.991477326466
POS_F,0.0,0.639252656222,0.202188850613,0.12623999738,0.0501857571682,0.369645596465,-0.377235466566,0.427748551028,0.319372389984,0.319372389984,0.235103473086,0.687615677784,0.277853120545,0.245910228043,0.168505724357,0.455945442859,-0.078711976014,-0.2054691183,0.0624640869467,-0.0652914602517,-0.119739244274,0.256636634636,0.734409889262,0.465223256447,0.235103473086,0.639252656222,0.288345494363,-0.147753620444,0.0867116331933,0.379493382421,0.256636634636,0.339692374363,0.483601785762,0.764783538306,0.679666924668,0.606085792287,0.914530657811,0.779733879772,0.427748551028,0.224215156943
POS_D,0.0,0.460595551771,0.0875313339055,-0.115509562304,-0.22443156661,0.0081278808834,-0.487057912749,0.400996560801,0.184471146497,-0.0341691399786,0.0231020955784,0.569745292271,-0.0134531629385,0.147104294032,0.142892042745,0.171088934576,-0.218322757027,-0.355352233537,-0.123943933248,-0.510088881405,-0.558998481885,0.314690674374,0.51904917288,0.331444740557,0.131244533278,0.473232377449,0.161230523341,-0.0728366483101,-0.0282198736475,0.294420487382,0.25982873934,0.0127519074088,0.285372362072,0.575226365505,0.342047755511,0.345717569995,0.646880464934,0.69658308181,0.3272744292,-0.00408117681182
POS_E,0.0,0.678071905113,0.19318329658,-0.175318260213,-0.183446141096,0.189411542691,-0.416473731394,0.571984646723,0.139459720715,-0.198192726465,0.380167039432,0.811655059491,0.181838322986,0.300815813148,0.280867698921,0.147258091276,-0.23827016584,-0.399332598573,0.200697350237,-0.388017285345,-0.354594283808,0.383472184155,0.672678646342,0.55156192897,0.386769774256,0.536795218261,0.273760812427,-0.107246515215,-0.0216950710993,0.416113735838,0.47306962065,0.115808452651,0.457472765599,0.672678646342,0.39334242818,0.512849522636,0.969534719273,1.06730993496,0.620411336725,0.0298352295408
