cdh11	0.36756	-0.04226	-0.55633	-0.65672	-0.00367	-0.35551	-0.42288	0.37661	-0.3659	-0.34525	-0.41838	0.6048	0.21343	0.11339
src	0.77387	-0.92285	0.14856	0.55474	0.71146	0.35947	0.22072	0.25207	0.54225	-0.19916	0.3986
dnmt3a	-0.70828	-0.35157	-0.76395	-0.23152	0.4041	0.1125	-0.04957	0.52866	-0.2327	0.00962	0.03464	-0.3559	-0.06706	0.82248	-0.06067	0.65054	0.45236	-0.2225	-0.38347	-0.876	-0.49851	-0.59708	-0.16201	-0.53212	-0.47386	0.054	-0.27001	-0.077	-0.53697	-0.26029
eln	-0.34982	-0.29625	-0.39992	-0.16275	0.33845	-0.49472	0.29766	-0.03354	-0.5801	-0.5646	0.26293	0.20404	-0.04517	-0.27081	0.72928	-0.15584	0.06524	0.48811	-0.49195
tnc	-0.60881	-0.36122	-0.56406	-0.70533
igfbp3	-0.2769	0.0243	-0.25794	-0.69487	-0.05449	-0.20537	-0.6076	-0.7509	-0.39499	-0.3706	-0.12492	0.21465	0.27458	-0.12303	0.22928	0.12933	-0.13792	0.19292	0.12271	0.5442	0.14445	0.32922	-0.50863	-0.10051	0.54735	-0.40178	-0.06327	-0.0857	0.02773	-0.0447	-0.48269	-0.19812	0.54232	0.44196
akt1	-0.67311	-0.75405	-0.10013	-0.32866	-0.3115	0.13015	-0.12809	-0.4688	-0.60004	-0.91665	-0.74429
sox9	-0.28593	0.44899	-0.74165	0.39472	0.04223	-0.35052	0.39472	0.45525	0.22705	-0.55819	-0.41913	-0.32148	-0.35867	0.09288	-0.35079
vegfa	0.21352	0.28071	0.23655	0.19375	-0.45574	0.00438	-0.047	0.16659	0.29301	0.00124	0.60259	0.11808	0.131	0.16775	0.17628	-0.40443	0.13638	-0.60366	-0.81167	0.26989
foxf2	0.5119	-0.2224	0.28544	-0.09598	0.43949	0.62529	0.35223	-0.03548	-0.0003	-0.02483	-0.84198	-0.51738	-0.29285	-0.12502	0.47021	-0.10813	-0.22752	-0.72679	0.27775	0.1738	-0.0031	-0.05939	0.32843	0.29116	0.53524	0.15557	-0.02633	-0.36335	0.46307	-0.14932	0.36667	0.20723	-0.08457	-0.64822	0.0918	0.1789	-0.07106	0.36597	-0.01555	0.22245
lox	-0.75544	-0.46574	0.47905	-0.35568	-0.66857	0.54573	-0.23086	-0.40099	0.88039	0.54778	0.26593	-0.63555	-0.51379	-0.63321	-0.55439	-0.49783
wif1	0.27178	0.19715	0.5046	0.34547	0.51219	0.36599	0.49281	-0.11611	0.1521	-0.27096	-0.0641	-0.42414	0.02077	0.52151	-0.39528	0.50907	0.06711	0.54222	-0.50502
